[array([[0.28926702, 0.29693863, 0.16833915, 0.11689209, 0.12856312]]), 
matrix([[0.03650378, 0.03715823, 0.02123328, 0.01516143, 0.01610675],
        [0.0466114 , 0.05628272, 0.0322135 , 0.02515998, 0.02741419],
        [0.05268325, 0.05828243, 0.03592205, 0.02821408, 0.03039558],
        [0.07020797, 0.06722659, 0.03795812, 0.02323298, 0.02745055],
        [0.04108493, 0.03661286, 0.01883362, 0.01272542, 0.01403432],
        [0.02483275, 0.02675974, 0.01548866, 0.00883508, 0.00912595],
        [0.01734293, 0.01461606, 0.00668994, 0.00356312, 0.00403578]]), 
matrix([[1.27254218e-03, 1.41797557e-03, 1.34525887e-03, 2.10878418e-03,
         1.09075044e-03, 6.18091914e-04, 6.54450262e-04, 1.99970913e-03,
         3.74490983e-03, 3.19953461e-03, 4.10849331e-03, 1.70884235e-03,
         1.41797557e-03, 9.45317045e-04, 1.16346713e-03, 2.07242583e-03,
         1.96335079e-03, 2.07242583e-03, 7.63525305e-04, 6.18091914e-04,
         3.27225131e-04, 9.45317045e-04, 1.12710878e-03, 1.45433392e-03,
         1.09075044e-03, 5.81733566e-04, 5.45375218e-04, 7.27166958e-05,
         6.90808610e-04, 9.45317045e-04, 1.30890052e-03, 1.16346713e-03,
         3.27225131e-04, 4.72658522e-04, 1.45433392e-04],
        [1.27617801e-02, 2.06515416e-02, 2.36692845e-02, 3.08682373e-02,
         1.58885980e-02, 1.01803374e-02, 6.39906923e-03, 2.36329261e-03,
         4.90837696e-03, 4.98109366e-03, 5.56282723e-03, 2.10878418e-03,
         1.49069226e-03, 1.19982548e-03, 6.54450262e-04, 1.19982548e-03,
         1.27254218e-03, 1.41797557e-03, 7.27166958e-04, 3.27225131e-04,
         1.81791739e-04, 1.81791739e-04, 5.09016870e-04, 4.36300175e-04,
         6.54450262e-04, 3.63583479e-05, 2.18150087e-04, 3.63583479e-05,
         7.27166958e-05, 4.72658522e-04, 2.54508435e-04, 2.90866783e-04,
         1.09075044e-04, 7.27166958e-05, 3.63583479e-05],
        [5.89005236e-03, 7.05351949e-03, 8.72600349e-03, 1.12347295e-02,
         7.05351949e-03, 3.16317627e-03, 2.83595113e-03, 1.75610820e-02,
         2.59598604e-02, 2.70869692e-02, 3.22134962e-02, 1.63248982e-02,
         1.21436882e-02, 5.96276905e-03, 1.16346713e-02, 1.68339151e-02,
         1.86518325e-02, 1.99970913e-02, 1.05802792e-02, 8.43513671e-03,
         3.92670157e-03, 8.98051193e-03, 1.47978476e-02, 1.70157068e-02,
         1.29072135e-02, 7.74432810e-03, 4.36300175e-03, 2.29057592e-03,
         8.87143688e-03, 1.63976149e-02, 1.63612565e-02, 1.59613147e-02,
         7.85340314e-03, 5.63554392e-03, 2.58144270e-03],
        [1.28344968e-02, 1.27617801e-02, 1.32344386e-02, 1.93789994e-02,
         1.21800465e-02, 8.54421175e-03, 5.59918557e-03, 9.67132054e-03,
         1.38525305e-02, 1.49069226e-02, 1.72338569e-02, 1.02894124e-02,
         7.56253636e-03, 4.07213496e-03, 5.34467714e-03, 6.58086097e-03,
         7.81704479e-03, 8.39877836e-03, 4.07213496e-03, 4.18121001e-03,
         1.34525887e-03, 3.16317627e-03, 4.90837696e-03, 5.67190227e-03,
         5.56282723e-03, 2.79959279e-03, 2.47236766e-03, 7.27166958e-04,
         4.79930192e-03, 6.65357766e-03, 8.47149506e-03, 7.16259453e-03,
         4.10849331e-03, 2.10878418e-03, 7.63525305e-04],
        [1.19982548e-03, 1.92699244e-03, 2.29057592e-03, 2.79959279e-03,
         2.21785922e-03, 1.01803374e-03, 9.08958697e-04, 5.45375218e-04,
         1.09075044e-03, 8.36242001e-04, 9.81675393e-04, 5.09016870e-04,
         4.36300175e-04, 2.54508435e-04, 1.81791739e-04, 2.54508435e-04,
         5.45375218e-04, 5.81733566e-04, 2.18150087e-04, 1.81791739e-04,
         7.27166958e-05, 2.90866783e-04, 5.09016870e-04, 3.27225131e-04,
         2.90866783e-04, 1.45433392e-04, 1.81791739e-04, 3.63583479e-05,
         4.36300175e-04, 5.45375218e-04, 7.63525305e-04, 3.99941827e-04,
         2.90866783e-04, 1.09075044e-04, 3.63583479e-05],
        [2.54508435e-03, 2.79959279e-03, 3.41768470e-03, 3.81762653e-03,
         2.65415939e-03, 1.30890052e-03, 9.45317045e-04, 5.01745201e-03,
         6.72629436e-03, 7.27166958e-03, 7.12623618e-03, 5.67190227e-03,
         3.70855148e-03, 2.18150087e-03, 2.25421757e-03, 5.27196044e-03,
         5.67190227e-03, 5.49011053e-03, 2.47236766e-03, 1.74520070e-03,
         8.36242001e-04, 1.59976731e-03, 3.30860966e-03, 3.30860966e-03,
         2.72687609e-03, 1.41797557e-03, 1.05439209e-03, 3.99941827e-04,
         1.23618383e-03, 2.39965096e-03, 3.23589296e-03, 2.47236766e-03,
         1.34525887e-03, 7.27166958e-04, 4.72658522e-04]]), 
matrix([[7.27166958e-05, 3.49040140e-03, 1.09075044e-04, ...,
         1.81791739e-04, 0.00000000e+00, 2.54508435e-04],
        [7.27166958e-04, 7.63525305e-03, 3.85398487e-03, ...,
         4.72658522e-04, 0.00000000e+00, 1.09075044e-04],
        [7.27166958e-05, 2.54508435e-04, 6.90808610e-04, ...,
         0.00000000e+00, 0.00000000e+00, 0.00000000e+00],
        [3.99941827e-04, 1.38161722e-03, 1.19982548e-03, ...,
         1.09075044e-04, 3.63583479e-05, 7.27166958e-05],
        [0.00000000e+00, 0.00000000e+00, 3.63583479e-05, ...,
         0.00000000e+00, 0.00000000e+00, 3.63583479e-05]]), 
matrix([[7.27166958e-05, 7.27166958e-04, 7.27166958e-05, ...,
         0.00000000e+00, 0.00000000e+00, 0.00000000e+00],
        [0.00000000e+00, 0.00000000e+00, 0.00000000e+00, ...,
         0.00000000e+00, 7.27166958e-05, 3.63583479e-05]]), 
matrix([[3.63583479e-04, 0.00000000e+00, 2.58144270e-03, ...,
         1.45433392e-04, 3.63583479e-05, 3.63583479e-05],
        [3.63583479e-05, 0.00000000e+00, 1.09075044e-04, ...,
         0.00000000e+00, 0.00000000e+00, 0.00000000e+00],
        [3.63583479e-05, 0.00000000e+00, 7.27166958e-05, ...,
         0.00000000e+00, 0.00000000e+00, 0.00000000e+00],
        [0.00000000e+00, 0.00000000e+00, 3.63583479e-05, ...,
         0.00000000e+00, 0.00000000e+00, 0.00000000e+00],
        [3.63583479e-05, 0.00000000e+00, 1.45433392e-04, ...,
         3.63583479e-05, 0.00000000e+00, 0.00000000e+00]]), 
matrix([[6.94444444e-03, 3.63583479e-05, 2.54508435e-04, 7.27166958e-05,
         7.63525305e-04, 3.63583479e-05, 0.00000000e+00, 0.00000000e+00,
         0.00000000e+00, 0.00000000e+00, 4.58842350e-02, 9.81675393e-04,
         2.18150087e-04, 2.90866783e-04, 5.30831879e-03, 5.66099476e-02,
         1.01803374e-03, 7.63525305e-04, 1.45433392e-04, 6.68993601e-03,
         0.00000000e+00, 0.00000000e+00, 0.00000000e+00, 0.00000000e+00,
         0.00000000e+00, 4.05759162e-02, 2.18150087e-04, 5.45375218e-04,
         3.63583479e-04, 2.39965096e-03, 3.38132635e-02, 3.99941827e-04,
         3.27225131e-04, 3.63583479e-04, 2.43600931e-03, 3.96669575e-02,
         4.36300175e-04, 4.36300175e-04, 3.99941827e-04, 3.63583479e-03,
         3.38132635e-03, 1.09075044e-04, 3.63583479e-05, 3.63583479e-05,
         9.08958697e-04, 6.14456079e-03, 1.81791739e-04, 3.63583479e-05,
         1.45433392e-04, 1.16346713e-03, 7.81704479e-03, 1.09075044e-04,
         2.54508435e-04, 1.45433392e-04, 3.59947644e-03, 4.36300175e-03,
         3.63583479e-05, 1.09075044e-04, 7.27166958e-05, 7.27166958e-04,
         1.42161140e-02, 1.45433392e-04, 3.63583479e-05, 7.27166958e-05,
         1.41797557e-03, 0.00000000e+00, 0.00000000e+00, 0.00000000e+00,
         0.00000000e+00, 0.00000000e+00, 6.39906923e-03, 2.18150087e-04,
         2.90866783e-04, 3.63583479e-05, 1.63612565e-03, 1.11256545e-02,
         2.18150087e-04, 1.45433392e-04, 1.09075044e-04, 1.67248400e-03,
         3.63583479e-05, 0.00000000e+00, 0.00000000e+00, 0.00000000e+00,
         0.00000000e+00, 1.20709715e-01, 1.01803374e-03, 8.72600349e-04,
         2.90866783e-04, 5.63554392e-03, 2.58144270e-02, 2.90866783e-04,
         2.18150087e-04, 1.45433392e-04, 2.98138453e-03, 3.91215823e-02,
         4.36300175e-04, 5.09016870e-04, 1.81791739e-04, 4.47207679e-03,
         1.12710878e-03, 7.27166958e-05, 3.63583479e-05, 7.27166958e-05,
         3.27225131e-04, 2.03606748e-03, 1.09075044e-04, 2.18150087e-04,
         0.00000000e+00, 4.72658522e-04, 2.00698080e-02, 2.18150087e-04,
         5.81733566e-04, 1.09075044e-04, 8.68964514e-03, 6.14456079e-03,
         7.27166958e-05, 2.18150087e-04, 7.27166958e-05, 1.12710878e-03,
         7.05351949e-03, 3.63583479e-05, 1.45433392e-04, 0.00000000e+00,
         1.19982548e-03, 0.00000000e+00, 0.00000000e+00, 0.00000000e+00,
         0.00000000e+00, 0.00000000e+00, 1.81791739e-03, 7.27166958e-05,
         3.63583479e-05, 0.00000000e+00, 4.36300175e-04, 2.94502618e-03,
         3.63583479e-05, 3.63583479e-05, 3.63583479e-05, 1.45433392e-04,
         0.00000000e+00, 0.00000000e+00, 0.00000000e+00, 0.00000000e+00,
         0.00000000e+00, 7.53708551e-02, 5.81733566e-04, 9.08958697e-04,
         3.63583479e-04, 5.34467714e-03, 1.37798138e-02, 2.54508435e-04,
         1.81791739e-04, 1.09075044e-04, 2.03606748e-03, 1.65430483e-02,
         2.54508435e-04, 1.81791739e-04, 0.00000000e+00, 2.10878418e-03,
         6.90808610e-04, 0.00000000e+00, 0.00000000e+00, 0.00000000e+00,
         3.63583479e-04, 6.54450262e-04, 0.00000000e+00, 0.00000000e+00,
         0.00000000e+00, 3.27225131e-04, 1.34889471e-02, 2.18150087e-04,
         2.54508435e-04, 7.27166958e-05, 4.43571844e-03, 4.21756835e-03,
         3.63583479e-05, 7.27166958e-05, 0.00000000e+00, 6.18091914e-04,
         4.61751018e-03, 3.63583479e-05, 7.27166958e-05, 0.00000000e+00,
         5.09016870e-04, 0.00000000e+00, 0.00000000e+00, 0.00000000e+00,
         0.00000000e+00, 0.00000000e+00, 8.72600349e-04, 3.63583479e-05,
         0.00000000e+00, 3.63583479e-05, 2.18150087e-04, 8.36242001e-04,
         0.00000000e+00, 0.00000000e+00, 0.00000000e+00, 7.27166958e-05,
         0.00000000e+00, 0.00000000e+00, 0.00000000e+00, 0.00000000e+00,
         0.00000000e+00, 5.95549738e-02, 3.27225131e-04, 3.99941827e-04,
         1.09075044e-04, 3.30860966e-03, 1.06529959e-02, 1.09075044e-04,
         1.81791739e-04, 3.63583479e-05, 1.78155905e-03, 1.01076207e-02,
         7.27166958e-05, 1.09075044e-04, 0.00000000e+00, 1.12710878e-03,
         1.12710878e-03, 0.00000000e+00, 0.00000000e+00, 0.00000000e+00,
         2.18150087e-04, 3.27225131e-04, 0.00000000e+00, 0.00000000e+00,
         0.00000000e+00, 7.27166958e-05, 7.78068645e-03, 1.09075044e-04,
         7.27166958e-05, 0.00000000e+00, 2.43600931e-03, 2.50872600e-03,
         3.63583479e-05, 0.00000000e+00, 0.00000000e+00, 2.54508435e-04,
         4.47207679e-03, 7.27166958e-05, 0.00000000e+00, 0.00000000e+00,
         3.27225131e-04, 0.00000000e+00, 0.00000000e+00, 0.00000000e+00,
         0.00000000e+00, 0.00000000e+00, 5.45375218e-04, 0.00000000e+00,
         0.00000000e+00, 0.00000000e+00, 1.09075044e-04, 5.09016870e-04,
         7.27166958e-05, 0.00000000e+00, 0.00000000e+00, 7.27166958e-05,
         0.00000000e+00, 0.00000000e+00, 0.00000000e+00, 0.00000000e+00,
         0.00000000e+00, 6.44633508e-02, 5.81733566e-04, 2.90866783e-04,
         7.27166958e-05, 3.19953461e-03, 1.81791739e-02, 1.45433392e-04,
         1.81791739e-04, 3.63583479e-05, 2.18150087e-03, 1.07984293e-02,
         1.45433392e-04, 3.63583479e-05, 0.00000000e+00, 1.09075044e-03,
         1.23618383e-03, 0.00000000e+00, 3.63583479e-05, 0.00000000e+00,
         2.90866783e-04, 6.18091914e-04, 3.63583479e-05, 0.00000000e+00,
         0.00000000e+00, 1.45433392e-04, 6.61721931e-03, 7.27166958e-05,
         2.54508435e-04, 0.00000000e+00, 1.96335079e-03, 2.21785922e-03,
         3.63583479e-05, 7.27166958e-05, 3.63583479e-05, 2.90866783e-04],
        [3.27225131e-04, 0.00000000e+00, 0.00000000e+00, 0.00000000e+00,
         7.27166958e-05, 0.00000000e+00, 0.00000000e+00, 0.00000000e+00,
         0.00000000e+00, 0.00000000e+00, 1.05439209e-03, 0.00000000e+00,
         3.63583479e-05, 0.00000000e+00, 1.45433392e-04, 1.09075044e-03,
         3.63583479e-05, 0.00000000e+00, 0.00000000e+00, 1.45433392e-04,
         0.00000000e+00, 0.00000000e+00, 0.00000000e+00, 0.00000000e+00,
         0.00000000e+00, 1.74520070e-03, 0.00000000e+00, 3.63583479e-05,
         0.00000000e+00, 7.27166958e-05, 1.05439209e-03, 0.00000000e+00,
         0.00000000e+00, 3.63583479e-05, 1.09075044e-04, 1.38161722e-03,
         0.00000000e+00, 0.00000000e+00, 0.00000000e+00, 3.63583479e-05,
         7.27166958e-05, 0.00000000e+00, 0.00000000e+00, 0.00000000e+00,
         0.00000000e+00, 7.27166958e-05, 0.00000000e+00, 0.00000000e+00,
         0.00000000e+00, 7.27166958e-05, 7.27166958e-05, 0.00000000e+00,
         0.00000000e+00, 0.00000000e+00, 7.27166958e-05, 7.27166958e-05,
         3.63583479e-05, 0.00000000e+00, 0.00000000e+00, 0.00000000e+00,
         1.19982548e-03, 0.00000000e+00, 0.00000000e+00, 0.00000000e+00,
         3.63583479e-05, 0.00000000e+00, 0.00000000e+00, 0.00000000e+00,
         0.00000000e+00, 0.00000000e+00, 1.81791739e-04, 0.00000000e+00,
         0.00000000e+00, 0.00000000e+00, 1.09075044e-04, 4.72658522e-04,
         0.00000000e+00, 0.00000000e+00, 0.00000000e+00, 0.00000000e+00,
         0.00000000e+00, 0.00000000e+00, 0.00000000e+00, 0.00000000e+00,
         0.00000000e+00, 8.32606166e-03, 3.63583479e-05, 3.63583479e-05,
         0.00000000e+00, 2.90866783e-04, 9.45317045e-04, 0.00000000e+00,
         0.00000000e+00, 0.00000000e+00, 7.27166958e-05, 2.14514252e-03,
         0.00000000e+00, 7.27166958e-05, 0.00000000e+00, 1.81791739e-04,
         7.27166958e-05, 0.00000000e+00, 0.00000000e+00, 0.00000000e+00,
         0.00000000e+00, 7.27166958e-05, 0.00000000e+00, 0.00000000e+00,
         0.00000000e+00, 3.63583479e-05, 2.54508435e-04, 0.00000000e+00,
         0.00000000e+00, 0.00000000e+00, 3.63583479e-05, 1.09075044e-04,
         0.00000000e+00, 0.00000000e+00, 0.00000000e+00, 0.00000000e+00,
         5.45375218e-04, 0.00000000e+00, 0.00000000e+00, 0.00000000e+00,
         0.00000000e+00, 0.00000000e+00, 0.00000000e+00, 0.00000000e+00,
         0.00000000e+00, 0.00000000e+00, 7.27166958e-05, 0.00000000e+00,
         0.00000000e+00, 0.00000000e+00, 0.00000000e+00, 1.45433392e-04,
         0.00000000e+00, 0.00000000e+00, 0.00000000e+00, 0.00000000e+00,
         0.00000000e+00, 0.00000000e+00, 0.00000000e+00, 0.00000000e+00,
         0.00000000e+00, 7.16259453e-03, 3.63583479e-05, 3.63583479e-05,
         3.63583479e-05, 2.18150087e-04, 8.72600349e-04, 0.00000000e+00,
         0.00000000e+00, 0.00000000e+00, 1.09075044e-04, 1.27254218e-03,
         0.00000000e+00, 0.00000000e+00, 0.00000000e+00, 3.63583479e-05,
         0.00000000e+00, 0.00000000e+00, 0.00000000e+00, 0.00000000e+00,
         0.00000000e+00, 0.00000000e+00, 0.00000000e+00, 0.00000000e+00,
         0.00000000e+00, 0.00000000e+00, 1.81791739e-04, 0.00000000e+00,
         0.00000000e+00, 0.00000000e+00, 7.27166958e-05, 7.27166958e-05,
         0.00000000e+00, 0.00000000e+00, 0.00000000e+00, 0.00000000e+00,
         5.45375218e-04, 0.00000000e+00, 0.00000000e+00, 0.00000000e+00,
         3.63583479e-05, 0.00000000e+00, 0.00000000e+00, 0.00000000e+00,
         0.00000000e+00, 0.00000000e+00, 0.00000000e+00, 0.00000000e+00,
         0.00000000e+00, 0.00000000e+00, 0.00000000e+00, 0.00000000e+00,
         0.00000000e+00, 0.00000000e+00, 0.00000000e+00, 0.00000000e+00,
         0.00000000e+00, 0.00000000e+00, 0.00000000e+00, 0.00000000e+00,
         0.00000000e+00, 4.14485166e-03, 3.63583479e-05, 0.00000000e+00,
         0.00000000e+00, 2.18150087e-04, 5.81733566e-04, 0.00000000e+00,
         0.00000000e+00, 0.00000000e+00, 0.00000000e+00, 5.45375218e-04,
         0.00000000e+00, 0.00000000e+00, 0.00000000e+00, 0.00000000e+00,
         0.00000000e+00, 0.00000000e+00, 0.00000000e+00, 0.00000000e+00,
         0.00000000e+00, 3.63583479e-05, 0.00000000e+00, 0.00000000e+00,
         0.00000000e+00, 0.00000000e+00, 3.99941827e-04, 0.00000000e+00,
         0.00000000e+00, 0.00000000e+00, 7.27166958e-05, 1.45433392e-04,
         0.00000000e+00, 0.00000000e+00, 0.00000000e+00, 0.00000000e+00,
         1.45433392e-04, 0.00000000e+00, 0.00000000e+00, 0.00000000e+00,
         3.63583479e-05, 0.00000000e+00, 0.00000000e+00, 0.00000000e+00,
         0.00000000e+00, 0.00000000e+00, 0.00000000e+00, 0.00000000e+00,
         0.00000000e+00, 0.00000000e+00, 0.00000000e+00, 0.00000000e+00,
         0.00000000e+00, 0.00000000e+00, 0.00000000e+00, 0.00000000e+00,
         0.00000000e+00, 0.00000000e+00, 0.00000000e+00, 0.00000000e+00,
         0.00000000e+00, 4.79930192e-03, 3.63583479e-05, 0.00000000e+00,
         0.00000000e+00, 2.18150087e-04, 5.09016870e-04, 0.00000000e+00,
         0.00000000e+00, 0.00000000e+00, 7.27166958e-05, 5.09016870e-04,
         0.00000000e+00, 0.00000000e+00, 0.00000000e+00, 1.81791739e-04,
         1.81791739e-04, 0.00000000e+00, 0.00000000e+00, 0.00000000e+00,
         3.63583479e-05, 0.00000000e+00, 0.00000000e+00, 0.00000000e+00,
         0.00000000e+00, 0.00000000e+00, 2.54508435e-04, 0.00000000e+00,
         0.00000000e+00, 0.00000000e+00, 0.00000000e+00, 3.63583479e-05,
         0.00000000e+00, 0.00000000e+00, 0.00000000e+00, 3.63583479e-05]]), 
matrix([[4.32664340e-03, 0.00000000e+00, 2.90866783e-04, ...,
         0.00000000e+00, 0.00000000e+00, 0.00000000e+00],
        [3.63583479e-05, 0.00000000e+00, 0.00000000e+00, ...,
         0.00000000e+00, 0.00000000e+00, 0.00000000e+00],
        [0.00000000e+00, 0.00000000e+00, 0.00000000e+00, ...,
         0.00000000e+00, 0.00000000e+00, 0.00000000e+00],
        [0.00000000e+00, 0.00000000e+00, 0.00000000e+00, ...,
         0.00000000e+00, 0.00000000e+00, 0.00000000e+00],
        [0.00000000e+00, 0.00000000e+00, 0.00000000e+00, ...,
         0.00000000e+00, 0.00000000e+00, 0.00000000e+00],
        [0.00000000e+00, 0.00000000e+00, 0.00000000e+00, ...,
         0.00000000e+00, 0.00000000e+00, 0.00000000e+00]]), 
matrix([[5.63554392e-03, 0.00000000e+00, 0.00000000e+00, ...,
         0.00000000e+00, 0.00000000e+00, 0.00000000e+00],
        [4.25392670e-03, 1.09075044e-04, 0.00000000e+00, ...,
         0.00000000e+00, 0.00000000e+00, 0.00000000e+00],
        [1.85427574e-03, 1.81791739e-04, 0.00000000e+00, ...,
         0.00000000e+00, 0.00000000e+00, 0.00000000e+00],
        ...,
        [4.10849331e-03, 1.09075044e-04, 0.00000000e+00, ...,
         0.00000000e+00, 0.00000000e+00, 0.00000000e+00],
        [2.61780105e-03, 3.63583479e-05, 3.63583479e-05, ...,
         0.00000000e+00, 0.00000000e+00, 0.00000000e+00],
        [2.18150087e-04, 0.00000000e+00, 0.00000000e+00, ...,
         0.00000000e+00, 0.00000000e+00, 0.00000000e+00]]), 
matrix([[2.98138453e-03, 0.00000000e+00, 0.00000000e+00, 0.00000000e+00,
         2.27603258e-02, 1.09075044e-03, 0.00000000e+00, 0.00000000e+00,
         2.14514252e-03, 1.81791739e-04, 0.00000000e+00, 0.00000000e+00,
         1.30162885e-02, 1.45433392e-03, 3.63583479e-05, 0.00000000e+00,
         1.23618383e-03, 2.18150087e-04, 0.00000000e+00, 0.00000000e+00,
         1.45433392e-04, 0.00000000e+00, 3.27225131e-04, 3.63583479e-05,
         7.27166958e-04, 3.63583479e-05, 9.08958697e-04, 0.00000000e+00,
         7.27166958e-05, 0.00000000e+00, 0.00000000e+00, 0.00000000e+00,
         1.09075044e-04, 0.00000000e+00, 2.90866783e-04, 0.00000000e+00,
         0.00000000e+00, 0.00000000e+00, 0.00000000e+00, 0.00000000e+00,
         0.00000000e+00, 0.00000000e+00, 3.75945317e-02, 1.41797557e-03,
         3.63583479e-05, 0.00000000e+00, 2.08587842e-01, 1.23254799e-02,
         0.00000000e+00, 0.00000000e+00, 1.87972659e-02, 9.08958697e-04,
         0.00000000e+00, 0.00000000e+00, 1.05948226e-01, 1.01803374e-02,
         0.00000000e+00, 0.00000000e+00, 1.62521815e-02, 2.65415939e-03,
         0.00000000e+00, 0.00000000e+00, 7.27166958e-05, 0.00000000e+00,
         3.63583479e-05, 0.00000000e+00, 3.63583479e-05, 0.00000000e+00,
         0.00000000e+00, 0.00000000e+00, 0.00000000e+00, 0.00000000e+00,
         0.00000000e+00, 0.00000000e+00, 1.45433392e-04, 0.00000000e+00,
         0.00000000e+00, 0.00000000e+00, 0.00000000e+00, 0.00000000e+00,
         1.45433392e-04, 0.00000000e+00, 2.54508435e-04, 0.00000000e+00,
         5.45375218e-04, 3.63583479e-05, 7.99883653e-04, 0.00000000e+00,
         1.09075044e-04, 3.63583479e-05, 3.63583479e-05, 0.00000000e+00,
         1.45433392e-04, 0.00000000e+00, 4.36300175e-04, 0.00000000e+00,
         0.00000000e+00, 0.00000000e+00, 0.00000000e+00, 0.00000000e+00,
         0.00000000e+00, 0.00000000e+00, 0.00000000e+00, 0.00000000e+00,
         0.00000000e+00, 0.00000000e+00, 0.00000000e+00, 0.00000000e+00,
         0.00000000e+00, 0.00000000e+00, 0.00000000e+00, 0.00000000e+00,
         0.00000000e+00, 0.00000000e+00, 0.00000000e+00, 0.00000000e+00,
         0.00000000e+00, 0.00000000e+00, 0.00000000e+00, 0.00000000e+00],
        [0.00000000e+00, 0.00000000e+00, 0.00000000e+00, 0.00000000e+00,
         0.00000000e+00, 0.00000000e+00, 0.00000000e+00, 0.00000000e+00,
         0.00000000e+00, 0.00000000e+00, 0.00000000e+00, 0.00000000e+00,
         0.00000000e+00, 0.00000000e+00, 0.00000000e+00, 0.00000000e+00,
         0.00000000e+00, 0.00000000e+00, 0.00000000e+00, 0.00000000e+00,
         3.27225131e-04, 0.00000000e+00, 8.72600349e-04, 0.00000000e+00,
         3.38132635e-03, 1.09075044e-04, 3.67219314e-03, 2.18150087e-04,
         1.81791739e-04, 0.00000000e+00, 3.63583479e-04, 0.00000000e+00,
         7.99883653e-04, 7.27166958e-05, 5.45375218e-04, 3.63583479e-05,
         3.63583479e-05, 0.00000000e+00, 7.27166958e-05, 0.00000000e+00,
         0.00000000e+00, 0.00000000e+00, 0.00000000e+00, 0.00000000e+00,
         0.00000000e+00, 0.00000000e+00, 0.00000000e+00, 0.00000000e+00,
         0.00000000e+00, 0.00000000e+00, 0.00000000e+00, 0.00000000e+00,
         0.00000000e+00, 0.00000000e+00, 0.00000000e+00, 0.00000000e+00,
         0.00000000e+00, 0.00000000e+00, 0.00000000e+00, 0.00000000e+00,
         2.98138453e-03, 7.27166958e-05, 3.92670157e-03, 1.81791739e-04,
         2.21422339e-02, 6.18091914e-04, 2.29057592e-02, 1.01803374e-03,
         1.96335079e-03, 3.63583479e-05, 1.89063409e-03, 3.63583479e-05,
         8.68964514e-03, 4.72658522e-04, 9.12594532e-03, 8.36242001e-04,
         7.99883653e-04, 1.09075044e-04, 9.08958697e-04, 1.09075044e-04,
         2.54508435e-04, 0.00000000e+00, 2.54508435e-04, 3.63583479e-05,
         1.49069226e-03, 0.00000000e+00, 7.99883653e-04, 0.00000000e+00,
         3.63583479e-05, 0.00000000e+00, 0.00000000e+00, 0.00000000e+00,
         1.09075044e-04, 0.00000000e+00, 1.81791739e-04, 0.00000000e+00,
         0.00000000e+00, 0.00000000e+00, 7.27166958e-05, 0.00000000e+00,
         3.45404305e-03, 7.27166958e-05, 8.36242001e-04, 3.63583479e-05,
         2.58507853e-02, 3.99941827e-04, 6.18091914e-03, 7.27166958e-05,
         3.01774287e-03, 0.00000000e+00, 4.72658522e-04, 0.00000000e+00,
         8.65328679e-03, 2.18150087e-04, 2.18150087e-03, 1.09075044e-04,
         3.63583479e-04, 7.27166958e-05, 4.36300175e-04, 0.00000000e+00],
        [0.00000000e+00, 0.00000000e+00, 0.00000000e+00, 0.00000000e+00,
         0.00000000e+00, 0.00000000e+00, 0.00000000e+00, 0.00000000e+00,
         0.00000000e+00, 0.00000000e+00, 0.00000000e+00, 0.00000000e+00,
         0.00000000e+00, 0.00000000e+00, 0.00000000e+00, 0.00000000e+00,
         0.00000000e+00, 0.00000000e+00, 0.00000000e+00, 0.00000000e+00,
         9.48952880e-03, 2.54508435e-04, 1.48342059e-02, 3.27225131e-04,
         3.53039558e-02, 7.99883653e-04, 4.75930774e-02, 9.81675393e-04,
         1.81791739e-03, 0.00000000e+00, 1.85427574e-03, 1.09075044e-04,
         1.01803374e-02, 2.54508435e-04, 9.96218732e-03, 1.45433392e-04,
         1.45433392e-04, 0.00000000e+00, 3.63583479e-04, 0.00000000e+00,
         0.00000000e+00, 0.00000000e+00, 0.00000000e+00, 0.00000000e+00,
         0.00000000e+00, 0.00000000e+00, 0.00000000e+00, 0.00000000e+00,
         0.00000000e+00, 0.00000000e+00, 0.00000000e+00, 0.00000000e+00,
         0.00000000e+00, 0.00000000e+00, 0.00000000e+00, 0.00000000e+00,
         0.00000000e+00, 0.00000000e+00, 0.00000000e+00, 0.00000000e+00,
         2.69051774e-03, 7.27166958e-05, 6.58086097e-03, 2.90866783e-04,
         2.93775451e-02, 8.36242001e-04, 4.17030250e-02, 1.59976731e-03,
         2.58144270e-03, 1.81791739e-04, 3.38132635e-03, 7.27166958e-05,
         2.53417685e-02, 1.27254218e-03, 2.71233275e-02, 1.38161722e-03,
         1.78155905e-03, 2.18150087e-04, 1.99970913e-03, 1.09075044e-04,
         8.36242001e-04, 0.00000000e+00, 1.81791739e-03, 1.45433392e-04,
         3.45404305e-03, 7.27166958e-05, 5.89005236e-03, 7.27166958e-05,
         1.45433392e-04, 0.00000000e+00, 2.18150087e-04, 0.00000000e+00,
         9.08958697e-04, 7.27166958e-05, 9.45317045e-04, 3.63583479e-05,
         3.63583479e-05, 3.63583479e-05, 3.63583479e-05, 0.00000000e+00,
         1.96335079e-03, 0.00000000e+00, 1.70884235e-03, 0.00000000e+00,
         1.09802211e-02, 1.09075044e-04, 5.12652705e-03, 1.09075044e-04,
         1.01803374e-03, 0.00000000e+00, 3.99941827e-04, 0.00000000e+00,
         2.21785922e-03, 3.63583479e-05, 1.19982548e-03, 0.00000000e+00,
         7.27166958e-05, 0.00000000e+00, 3.63583479e-05, 0.00000000e+00],
        [0.00000000e+00, 0.00000000e+00, 0.00000000e+00, 0.00000000e+00,
         0.00000000e+00, 0.00000000e+00, 0.00000000e+00, 0.00000000e+00,
         0.00000000e+00, 0.00000000e+00, 0.00000000e+00, 0.00000000e+00,
         0.00000000e+00, 0.00000000e+00, 0.00000000e+00, 0.00000000e+00,
         0.00000000e+00, 0.00000000e+00, 0.00000000e+00, 0.00000000e+00,
         3.27225131e-04, 0.00000000e+00, 2.18150087e-04, 0.00000000e+00,
         9.45317045e-04, 3.63583479e-05, 9.08958697e-04, 3.63583479e-05,
         1.81791739e-04, 0.00000000e+00, 0.00000000e+00, 0.00000000e+00,
         1.09075044e-04, 0.00000000e+00, 1.45433392e-04, 0.00000000e+00,
         3.63583479e-05, 0.00000000e+00, 0.00000000e+00, 0.00000000e+00,
         0.00000000e+00, 0.00000000e+00, 0.00000000e+00, 0.00000000e+00,
         0.00000000e+00, 0.00000000e+00, 0.00000000e+00, 0.00000000e+00,
         0.00000000e+00, 0.00000000e+00, 0.00000000e+00, 0.00000000e+00,
         0.00000000e+00, 0.00000000e+00, 0.00000000e+00, 0.00000000e+00,
         0.00000000e+00, 0.00000000e+00, 0.00000000e+00, 0.00000000e+00,
         7.99883653e-04, 3.63583479e-05, 9.81675393e-04, 0.00000000e+00,
         2.98138453e-03, 3.63583479e-05, 4.29028505e-03, 2.90866783e-04,
         1.81791739e-04, 0.00000000e+00, 3.63583479e-04, 3.63583479e-05,
         9.08958697e-04, 0.00000000e+00, 1.49069226e-03, 1.09075044e-04,
         0.00000000e+00, 0.00000000e+00, 1.81791739e-04, 0.00000000e+00,
         3.63583479e-05, 0.00000000e+00, 7.27166958e-05, 0.00000000e+00,
         7.99883653e-04, 3.63583479e-05, 4.36300175e-04, 0.00000000e+00,
         3.63583479e-05, 0.00000000e+00, 3.63583479e-05, 0.00000000e+00,
         0.00000000e+00, 0.00000000e+00, 3.63583479e-05, 0.00000000e+00,
         0.00000000e+00, 0.00000000e+00, 0.00000000e+00, 0.00000000e+00,
         1.27254218e-03, 0.00000000e+00, 3.63583479e-04, 3.63583479e-05,
         7.23531123e-03, 1.45433392e-04, 1.19982548e-03, 3.63583479e-05,
         5.45375218e-04, 0.00000000e+00, 0.00000000e+00, 0.00000000e+00,
         1.23618383e-03, 3.63583479e-05, 5.45375218e-04, 0.00000000e+00,
         1.45433392e-04, 0.00000000e+00, 7.27166958e-05, 0.00000000e+00],
        [0.00000000e+00, 0.00000000e+00, 0.00000000e+00, 0.00000000e+00,
         0.00000000e+00, 0.00000000e+00, 0.00000000e+00, 0.00000000e+00,
         0.00000000e+00, 0.00000000e+00, 0.00000000e+00, 0.00000000e+00,
         0.00000000e+00, 0.00000000e+00, 0.00000000e+00, 0.00000000e+00,
         0.00000000e+00, 0.00000000e+00, 0.00000000e+00, 0.00000000e+00,
         7.27166958e-05, 0.00000000e+00, 0.00000000e+00, 0.00000000e+00,
         2.54508435e-04, 0.00000000e+00, 0.00000000e+00, 0.00000000e+00,
         0.00000000e+00, 0.00000000e+00, 0.00000000e+00, 0.00000000e+00,
         3.63583479e-05, 0.00000000e+00, 3.63583479e-05, 0.00000000e+00,
         0.00000000e+00, 0.00000000e+00, 0.00000000e+00, 0.00000000e+00,
         0.00000000e+00, 0.00000000e+00, 0.00000000e+00, 0.00000000e+00,
         0.00000000e+00, 0.00000000e+00, 0.00000000e+00, 0.00000000e+00,
         0.00000000e+00, 0.00000000e+00, 0.00000000e+00, 0.00000000e+00,
         0.00000000e+00, 0.00000000e+00, 0.00000000e+00, 0.00000000e+00,
         0.00000000e+00, 0.00000000e+00, 0.00000000e+00, 0.00000000e+00,
         2.10878418e-03, 3.63583479e-05, 4.72658522e-04, 3.63583479e-05,
         7.38074462e-03, 2.54508435e-04, 1.52705061e-03, 1.09075044e-04,
         5.81733566e-04, 0.00000000e+00, 7.27166958e-05, 0.00000000e+00,
         1.59976731e-03, 7.27166958e-05, 3.27225131e-04, 7.27166958e-05,
         1.09075044e-04, 0.00000000e+00, 1.45433392e-04, 0.00000000e+00,
         1.45433392e-04, 3.63583479e-05, 0.00000000e+00, 0.00000000e+00,
         6.90808610e-04, 3.63583479e-05, 1.45433392e-04, 0.00000000e+00,
         0.00000000e+00, 0.00000000e+00, 0.00000000e+00, 0.00000000e+00,
         0.00000000e+00, 0.00000000e+00, 0.00000000e+00, 0.00000000e+00,
         0.00000000e+00, 0.00000000e+00, 0.00000000e+00, 0.00000000e+00,
         1.59976731e-03, 7.27166958e-05, 5.45375218e-04, 3.63583479e-05,
         5.49011053e-03, 1.45433392e-04, 8.72600349e-04, 3.63583479e-05,
         3.63583479e-04, 0.00000000e+00, 0.00000000e+00, 0.00000000e+00,
         1.52705061e-03, 3.63583479e-05, 3.99941827e-04, 0.00000000e+00,
         7.27166958e-05, 0.00000000e+00, 0.00000000e+00, 0.00000000e+00],
        [0.00000000e+00, 0.00000000e+00, 0.00000000e+00, 0.00000000e+00,
         0.00000000e+00, 0.00000000e+00, 0.00000000e+00, 0.00000000e+00,
         0.00000000e+00, 0.00000000e+00, 0.00000000e+00, 0.00000000e+00,
         0.00000000e+00, 0.00000000e+00, 0.00000000e+00, 0.00000000e+00,
         0.00000000e+00, 0.00000000e+00, 0.00000000e+00, 0.00000000e+00,
         3.63583479e-05, 0.00000000e+00, 7.27166958e-05, 0.00000000e+00,
         5.45375218e-04, 3.63583479e-05, 1.81791739e-04, 0.00000000e+00,
         0.00000000e+00, 0.00000000e+00, 0.00000000e+00, 0.00000000e+00,
         1.45433392e-04, 0.00000000e+00, 3.63583479e-05, 0.00000000e+00,
         0.00000000e+00, 0.00000000e+00, 0.00000000e+00, 0.00000000e+00,
         0.00000000e+00, 0.00000000e+00, 0.00000000e+00, 0.00000000e+00,
         0.00000000e+00, 0.00000000e+00, 0.00000000e+00, 0.00000000e+00,
         0.00000000e+00, 0.00000000e+00, 0.00000000e+00, 0.00000000e+00,
         0.00000000e+00, 0.00000000e+00, 0.00000000e+00, 0.00000000e+00,
         0.00000000e+00, 0.00000000e+00, 0.00000000e+00, 0.00000000e+00,
         1.45433392e-04, 3.63583479e-05, 3.27225131e-04, 0.00000000e+00,
         6.90808610e-04, 0.00000000e+00, 1.01803374e-03, 3.63583479e-05,
         3.63583479e-05, 0.00000000e+00, 7.27166958e-05, 0.00000000e+00,
         7.27166958e-04, 0.00000000e+00, 7.27166958e-04, 3.63583479e-05,
         0.00000000e+00, 0.00000000e+00, 7.27166958e-05, 0.00000000e+00,
         0.00000000e+00, 0.00000000e+00, 3.63583479e-05, 0.00000000e+00,
         7.27166958e-05, 0.00000000e+00, 1.81791739e-04, 0.00000000e+00,
         0.00000000e+00, 0.00000000e+00, 0.00000000e+00, 0.00000000e+00,
         3.63583479e-05, 0.00000000e+00, 0.00000000e+00, 0.00000000e+00,
         0.00000000e+00, 0.00000000e+00, 0.00000000e+00, 0.00000000e+00,
         2.54508435e-04, 0.00000000e+00, 7.27166958e-05, 0.00000000e+00,
         1.56340896e-03, 0.00000000e+00, 3.99941827e-04, 0.00000000e+00,
         7.27166958e-05, 3.63583479e-05, 7.27166958e-05, 3.63583479e-05,
         3.27225131e-04, 3.63583479e-05, 1.45433392e-04, 0.00000000e+00,
         7.27166958e-05, 0.00000000e+00, 7.27166958e-05, 0.00000000e+00],
        [0.00000000e+00, 0.00000000e+00, 0.00000000e+00, 0.00000000e+00,
         2.54508435e-04, 0.00000000e+00, 0.00000000e+00, 0.00000000e+00,
         0.00000000e+00, 0.00000000e+00, 0.00000000e+00, 0.00000000e+00,
         1.09075044e-04, 0.00000000e+00, 0.00000000e+00, 0.00000000e+00,
         0.00000000e+00, 0.00000000e+00, 0.00000000e+00, 0.00000000e+00,
         0.00000000e+00, 0.00000000e+00, 0.00000000e+00, 0.00000000e+00,
         3.63583479e-05, 0.00000000e+00, 0.00000000e+00, 0.00000000e+00,
         0.00000000e+00, 0.00000000e+00, 0.00000000e+00, 0.00000000e+00,
         0.00000000e+00, 0.00000000e+00, 0.00000000e+00, 0.00000000e+00,
         0.00000000e+00, 0.00000000e+00, 0.00000000e+00, 0.00000000e+00,
         0.00000000e+00, 0.00000000e+00, 0.00000000e+00, 0.00000000e+00,
         0.00000000e+00, 0.00000000e+00, 2.18150087e-04, 0.00000000e+00,
         0.00000000e+00, 0.00000000e+00, 3.63583479e-05, 0.00000000e+00,
         0.00000000e+00, 0.00000000e+00, 7.27166958e-05, 0.00000000e+00,
         0.00000000e+00, 0.00000000e+00, 0.00000000e+00, 0.00000000e+00,
         0.00000000e+00, 0.00000000e+00, 0.00000000e+00, 0.00000000e+00,
         0.00000000e+00, 0.00000000e+00, 0.00000000e+00, 0.00000000e+00,
         0.00000000e+00, 0.00000000e+00, 0.00000000e+00, 0.00000000e+00,
         0.00000000e+00, 0.00000000e+00, 0.00000000e+00, 0.00000000e+00,
         0.00000000e+00, 0.00000000e+00, 0.00000000e+00, 0.00000000e+00,
         0.00000000e+00, 0.00000000e+00, 0.00000000e+00, 0.00000000e+00,
         3.63583479e-05, 0.00000000e+00, 0.00000000e+00, 0.00000000e+00,
         0.00000000e+00, 0.00000000e+00, 0.00000000e+00, 0.00000000e+00,
         0.00000000e+00, 0.00000000e+00, 0.00000000e+00, 0.00000000e+00,
         0.00000000e+00, 0.00000000e+00, 0.00000000e+00, 0.00000000e+00,
         0.00000000e+00, 0.00000000e+00, 0.00000000e+00, 0.00000000e+00,
         0.00000000e+00, 0.00000000e+00, 0.00000000e+00, 0.00000000e+00,
         0.00000000e+00, 0.00000000e+00, 0.00000000e+00, 0.00000000e+00,
         0.00000000e+00, 0.00000000e+00, 0.00000000e+00, 0.00000000e+00,
         0.00000000e+00, 0.00000000e+00, 0.00000000e+00, 0.00000000e+00]]), 
matrix([[0.00000000e+00, 0.00000000e+00, 0.00000000e+00, ...,
         0.00000000e+00, 0.00000000e+00, 0.00000000e+00],
        [0.00000000e+00, 0.00000000e+00, 0.00000000e+00, ...,
         0.00000000e+00, 0.00000000e+00, 0.00000000e+00],
        [5.81733566e-04, 4.72658522e-04, 7.78068645e-03, ...,
         0.00000000e+00, 0.00000000e+00, 0.00000000e+00],
        ...,
        [0.00000000e+00, 0.00000000e+00, 0.00000000e+00, ...,
         0.00000000e+00, 0.00000000e+00, 0.00000000e+00],
        [1.45433392e-04, 3.63583479e-05, 1.81791739e-04, ...,
         0.00000000e+00, 0.00000000e+00, 0.00000000e+00],
        [0.00000000e+00, 0.00000000e+00, 1.45433392e-04, ...,
         0.00000000e+00, 0.00000000e+00, 0.00000000e+00]]), 
matrix([[3.38132635e-03, 2.61780105e-03, 1.38161722e-03, 5.70826062e-03,
         1.12710878e-03, 3.99941827e-04, 3.63583479e-05, 2.79959279e-03,
         2.18150087e-03, 8.36242001e-04, 8.76236184e-03, 3.23589296e-03,
         1.89063409e-03, 1.81791739e-04, 4.79930192e-03, 3.09045957e-03,
         1.38161722e-03, 8.39877836e-03, 1.30890052e-03, 7.99883653e-04,
         3.63583479e-05, 3.16317627e-03, 2.72687609e-03, 1.19982548e-03,
         1.22891216e-02, 3.41768470e-03, 1.45433392e-03, 1.81791739e-04,
         4.61751018e-03, 3.56311809e-03, 1.92699244e-03, 8.98051193e-03,
         1.78155905e-03, 4.72658522e-04, 2.54508435e-04, 3.85398487e-03,
         2.90866783e-03, 1.30890052e-03, 1.35980221e-02, 3.63583479e-03,
         1.99970913e-03, 2.18150087e-04, 6.79901105e-03, 4.61751018e-03,
         2.10878418e-03, 1.23618383e-02, 1.85427574e-03, 6.54450262e-04,
         3.63583479e-05, 4.18121001e-03, 4.18121001e-03, 1.63612565e-03,
         1.84700407e-02, 6.28999418e-03, 2.76323444e-03, 4.36300175e-04,
         3.19953461e-03, 2.36329261e-03, 1.05439209e-03, 6.76265271e-03,
         9.45317045e-04, 2.90866783e-04, 7.27166958e-05, 3.05410122e-03,
         2.76323444e-03, 1.59976731e-03, 1.13074462e-02, 3.70855148e-03,
         1.09075044e-03, 3.63583479e-04, 2.10878418e-03, 1.49069226e-03,
         5.09016870e-04, 4.10849331e-03, 6.54450262e-04, 2.18150087e-04,
         7.27166958e-05, 2.32693426e-03, 1.34525887e-03, 1.09075044e-03,
         6.87172775e-03, 1.78155905e-03, 8.72600349e-04, 1.45433392e-04,
         7.27166958e-04, 8.72600349e-04, 4.72658522e-04, 2.54508435e-03,
         3.27225131e-04, 2.18150087e-04, 0.00000000e+00, 1.23618383e-03,
         1.45433392e-03, 5.81733566e-04, 5.74461896e-03, 1.23618383e-03,
         6.54450262e-04, 1.45433392e-04, 7.99883653e-04, 7.27166958e-04,
         7.27166958e-04, 5.70826062e-03, 1.01803374e-03, 5.81733566e-04,
         1.09075044e-04, 3.99941827e-04, 4.36300175e-04, 8.72600349e-04,
         9.52588714e-03, 3.92670157e-03, 2.90866783e-03, 6.18091914e-04,
         8.72600349e-04, 1.05439209e-03, 1.16346713e-03, 8.43513671e-03,
         1.49069226e-03, 9.08958697e-04, 3.63583479e-05, 6.54450262e-04,
         8.72600349e-04, 4.72658522e-04, 1.49069226e-02, 5.52646888e-03,
         3.16317627e-03, 3.27225131e-04, 1.01803374e-03, 1.89063409e-03,
         1.49069226e-03, 8.28970332e-03, 1.92699244e-03, 6.54450262e-04,
         7.27166958e-05, 5.45375218e-04, 1.05439209e-03, 9.08958697e-04,
         1.54159395e-02, 5.12652705e-03, 3.34496800e-03, 3.27225131e-04,
         7.27166958e-04, 1.81791739e-03, 1.67248400e-03, 8.98051193e-03,
         1.74520070e-03, 5.81733566e-04, 3.63583479e-05, 3.99941827e-04,
         9.81675393e-04, 9.45317045e-04, 1.63248982e-02, 7.70796975e-03,
         3.23589296e-03, 2.54508435e-04, 7.63525305e-04, 1.09075044e-03,
         6.54450262e-04, 5.63554392e-03, 1.12710878e-03, 5.45375218e-04,
         1.09075044e-04, 2.90866783e-04, 5.81733566e-04, 5.09016870e-04,
         9.12594532e-03, 4.87201862e-03, 1.70884235e-03, 2.90866783e-04,
         2.90866783e-04, 5.09016870e-04, 7.99883653e-04, 3.63583479e-03,
         6.90808610e-04, 3.27225131e-04, 1.09075044e-04, 2.54508435e-04,
         3.63583479e-04, 4.72658522e-04, 7.59889471e-03, 2.58144270e-03,
         1.59976731e-03, 1.45433392e-04, 2.18150087e-04, 3.99941827e-04,
         2.18150087e-04, 2.07242583e-03, 4.36300175e-04, 1.09075044e-04,
         3.63583479e-05, 2.18150087e-04, 3.63583479e-04, 3.27225131e-04,
         3.85398487e-03, 1.38161722e-03, 5.81733566e-04, 1.45433392e-04,
         1.81791739e-04, 5.09016870e-04, 2.54508435e-04, 2.61780105e-03,
         5.09016870e-04, 3.63583479e-04, 3.63583479e-05, 2.18150087e-04,
         3.99941827e-04, 1.45433392e-04, 4.76294357e-03, 2.39965096e-03,
         1.78155905e-03, 3.27225131e-04, 3.99941827e-04, 7.99883653e-04,
         5.81733566e-04, 4.90837696e-03, 1.09075044e-03, 4.36300175e-04,
         1.09075044e-04, 1.09075044e-04, 2.90866783e-04, 4.72658522e-04,
         6.58086097e-03, 2.39965096e-03, 1.41797557e-03, 2.18150087e-04,
         3.63583479e-04, 1.01803374e-03, 9.45317045e-04, 5.49011053e-03,
         1.30890052e-03, 4.36300175e-04, 0.00000000e+00, 3.63583479e-04,
         4.36300175e-04, 4.36300175e-04, 6.07184410e-03, 2.36329261e-03,
         1.92699244e-03, 1.09075044e-04, 4.36300175e-04, 6.18091914e-04,
         7.63525305e-04, 5.01745201e-03, 1.30890052e-03, 6.54450262e-04,
         0.00000000e+00, 3.99941827e-04, 7.63525305e-04, 6.18091914e-04,
         8.32606166e-03, 2.69051774e-03, 1.23618383e-03, 1.45433392e-04,
         7.27166958e-05, 1.81791739e-04, 2.18150087e-04, 2.72687609e-03,
         3.27225131e-04, 2.90866783e-04, 0.00000000e+00, 3.27225131e-04,
         5.09016870e-04, 3.99941827e-04, 3.89034322e-03, 1.34525887e-03,
         7.99883653e-04, 2.18150087e-04, 2.90866783e-04, 2.18150087e-04,
         2.54508435e-04, 2.18150087e-03, 4.36300175e-04, 7.27166958e-05,
         3.63583479e-05, 3.27225131e-04, 2.90866783e-04, 1.09075044e-04,
         3.78126818e-03, 6.90808610e-04, 3.99941827e-04, 7.27166958e-05,
         1.45433392e-04, 1.45433392e-04, 0.00000000e+00, 9.81675393e-04,
         1.09075044e-04, 0.00000000e+00, 0.00000000e+00, 7.27166958e-05,
         7.27166958e-05, 3.63583479e-05, 1.63612565e-03, 4.72658522e-04,
         7.27166958e-05, 0.00000000e+00, 2.54508435e-04, 2.90866783e-04,
         2.54508435e-04, 1.67248400e-03, 4.72658522e-04, 1.81791739e-04,
         0.00000000e+00, 7.27166958e-05, 1.09075044e-04, 2.54508435e-04,
         3.23589296e-03, 1.45433392e-03, 7.63525305e-04, 2.54508435e-04,
         5.45375218e-04, 5.45375218e-04, 5.45375218e-04, 3.38132635e-03,
         5.09016870e-04, 2.54508435e-04, 7.27166958e-05, 2.90866783e-04,
         5.81733566e-04, 2.54508435e-04, 4.90837696e-03, 2.03606748e-03,
         9.08958697e-04, 1.09075044e-04, 2.54508435e-04, 6.18091914e-04,
         5.09016870e-04, 3.85398487e-03, 6.54450262e-04, 1.81791739e-04,
         0.00000000e+00, 4.36300175e-04, 2.90866783e-04, 1.09075044e-04,
         5.63554392e-03, 1.92699244e-03, 1.19982548e-03, 2.18150087e-04,
         2.54508435e-04, 4.72658522e-04, 5.81733566e-04, 3.05410122e-03,
         7.99883653e-04, 3.63583479e-04, 7.27166958e-05, 7.27166958e-05,
         4.36300175e-04, 2.54508435e-04, 4.98109366e-03, 1.41797557e-03,
         8.36242001e-04, 1.45433392e-04, 2.54508435e-04, 2.18150087e-04,
         2.54508435e-04, 1.49069226e-03, 3.27225131e-04, 1.45433392e-04,
         0.00000000e+00, 7.27166958e-05, 2.18150087e-04, 3.63583479e-05,
         2.39965096e-03, 1.09075044e-03, 7.63525305e-04, 7.27166958e-05,
         1.45433392e-04, 1.45433392e-04, 1.81791739e-04, 1.56340896e-03,
         1.81791739e-04, 3.63583479e-05, 3.63583479e-05, 7.27166958e-05,
         2.18150087e-04, 1.45433392e-04, 1.92699244e-03, 4.36300175e-04,
         2.18150087e-04, 0.00000000e+00, 0.00000000e+00, 3.63583479e-05,
         3.63583479e-05, 2.90866783e-04, 1.45433392e-04, 3.63583479e-05,
         0.00000000e+00, 3.63583479e-05, 1.09075044e-04, 3.63583479e-05,
         7.99883653e-04, 1.09075044e-04, 1.81791739e-04, 0.00000000e+00,
         7.99883653e-04, 5.09016870e-04, 3.63583479e-04, 1.92699244e-03,
         3.27225131e-04, 2.90866783e-04, 3.63583479e-05, 9.08958697e-04,
         6.90808610e-04, 4.72658522e-04, 2.65415939e-03, 1.01803374e-03,
         9.81675393e-04, 2.54508435e-04, 1.59976731e-03, 7.99883653e-04,
         7.99883653e-04, 3.01774287e-03, 3.63583479e-04, 2.54508435e-04,
         1.09075044e-04, 2.10878418e-03, 9.45317045e-04, 5.81733566e-04,
         5.45375218e-03, 1.74520070e-03, 1.16346713e-03, 3.27225131e-04,
         1.96335079e-03, 1.49069226e-03, 5.45375218e-04, 3.99941827e-03,
         5.81733566e-04, 1.45433392e-04, 1.09075044e-04, 2.10878418e-03,
         1.09075044e-03, 4.36300175e-04, 5.99912740e-03, 2.18150087e-03,
         8.72600349e-04, 1.81791739e-04, 1.19982548e-03, 1.09075044e-03,
         7.63525305e-04, 3.63583479e-03, 3.27225131e-04, 7.27166958e-05,
         7.27166958e-05, 1.81791739e-03, 1.27254218e-03, 3.99941827e-04,
         5.49011053e-03, 1.49069226e-03, 6.18091914e-04, 2.54508435e-04,
         7.63525305e-04, 3.99941827e-04, 2.90866783e-04, 1.96335079e-03,
         2.54508435e-04, 7.27166958e-05, 3.63583479e-05, 1.16346713e-03,
         4.72658522e-04, 2.18150087e-04, 2.87230948e-03, 9.45317045e-04,
         5.45375218e-04, 3.63583479e-05, 5.45375218e-04, 3.63583479e-04,
         0.00000000e+00, 6.54450262e-04, 7.27166958e-05, 1.45433392e-04,
         0.00000000e+00, 4.72658522e-04, 5.09016870e-04, 1.45433392e-04,
         2.36329261e-03, 3.99941827e-04, 2.18150087e-04, 7.27166958e-05,
         2.90866783e-04, 7.27166958e-05, 7.27166958e-05, 4.36300175e-04,
         3.63583479e-05, 0.00000000e+00, 0.00000000e+00, 2.90866783e-04,
         1.45433392e-04, 3.63583479e-05, 7.63525305e-04, 1.81791739e-04,
         7.27166958e-05, 0.00000000e+00],
        [3.63583479e-05, 0.00000000e+00, 3.63583479e-05, 3.27225131e-04,
         7.27166958e-05, 7.27166958e-05, 0.00000000e+00, 0.00000000e+00,
         3.63583479e-05, 3.63583479e-05, 6.18091914e-04, 2.90866783e-04,
         4.36300175e-04, 0.00000000e+00, 0.00000000e+00, 7.27166958e-05,
         3.63583479e-05, 3.27225131e-04, 1.09075044e-04, 0.00000000e+00,
         0.00000000e+00, 0.00000000e+00, 1.09075044e-04, 0.00000000e+00,
         8.36242001e-04, 5.09016870e-04, 3.63583479e-04, 0.00000000e+00,
         0.00000000e+00, 7.27166958e-05, 1.45433392e-04, 3.27225131e-04,
         3.63583479e-04, 0.00000000e+00, 0.00000000e+00, 0.00000000e+00,
         3.63583479e-05, 3.63583479e-05, 1.38161722e-03, 6.90808610e-04,
         3.63583479e-04, 1.45433392e-04, 3.63583479e-05, 3.63583479e-05,
         3.63583479e-05, 4.72658522e-04, 2.18150087e-04, 7.27166958e-05,
         3.63583479e-05, 0.00000000e+00, 0.00000000e+00, 3.63583479e-05,
         1.16346713e-03, 1.09075044e-03, 5.45375218e-04, 7.27166958e-05,
         0.00000000e+00, 1.09075044e-04, 0.00000000e+00, 2.90866783e-04,
         1.81791739e-04, 0.00000000e+00, 0.00000000e+00, 0.00000000e+00,
         0.00000000e+00, 1.09075044e-04, 7.63525305e-04, 7.27166958e-04,
         2.90866783e-04, 3.63583479e-05, 0.00000000e+00, 0.00000000e+00,
         0.00000000e+00, 3.27225131e-04, 3.63583479e-05, 0.00000000e+00,
         0.00000000e+00, 0.00000000e+00, 0.00000000e+00, 3.63583479e-05,
         3.99941827e-04, 2.90866783e-04, 1.45433392e-04, 0.00000000e+00,
         0.00000000e+00, 0.00000000e+00, 0.00000000e+00, 3.63583479e-05,
         7.27166958e-05, 7.27166958e-05, 0.00000000e+00, 0.00000000e+00,
         3.63583479e-05, 0.00000000e+00, 3.99941827e-04, 3.63583479e-04,
         1.09075044e-04, 3.63583479e-05, 1.81791739e-04, 3.63583479e-05,
         7.27166958e-05, 6.54450262e-04, 3.27225131e-04, 1.09075044e-04,
         0.00000000e+00, 0.00000000e+00, 3.63583479e-05, 7.27166958e-05,
         2.90866783e-03, 2.61780105e-03, 1.52705061e-03, 2.54508435e-04,
         1.81791739e-04, 5.09016870e-04, 2.90866783e-04, 1.05439209e-03,
         5.81733566e-04, 3.63583479e-04, 0.00000000e+00, 1.09075044e-04,
         3.63583479e-05, 1.45433392e-04, 4.79930192e-03, 4.87201862e-03,
         3.05410122e-03, 3.99941827e-04, 3.99941827e-04, 1.45433392e-04,
         1.45433392e-04, 8.36242001e-04, 6.18091914e-04, 3.27225131e-04,
         3.63583479e-05, 3.63583479e-05, 7.27166958e-05, 1.81791739e-04,
         5.27196044e-03, 4.72658522e-03, 3.09045957e-03, 3.27225131e-04,
         1.81791739e-04, 2.90866783e-04, 3.27225131e-04, 1.63612565e-03,
         7.99883653e-04, 3.27225131e-04, 0.00000000e+00, 7.27166958e-05,
         7.27166958e-05, 4.72658522e-04, 7.74432810e-03, 6.32635253e-03,
         3.23589296e-03, 3.27225131e-04, 3.63583479e-05, 1.81791739e-04,
         1.81791739e-04, 5.45375218e-04, 2.90866783e-04, 1.81791739e-04,
         0.00000000e+00, 7.27166958e-05, 1.45433392e-04, 1.09075044e-04,
         3.01774287e-03, 2.76323444e-03, 1.45433392e-03, 3.27225131e-04,
         3.63583479e-05, 0.00000000e+00, 1.45433392e-04, 5.45375218e-04,
         3.27225131e-04, 0.00000000e+00, 3.63583479e-05, 0.00000000e+00,
         0.00000000e+00, 7.27166958e-05, 2.47236766e-03, 2.43600931e-03,
         1.23618383e-03, 7.27166958e-05, 3.63583479e-05, 3.63583479e-05,
         7.27166958e-05, 4.72658522e-04, 2.18150087e-04, 3.63583479e-05,
         3.63583479e-05, 3.63583479e-05, 7.27166958e-05, 3.63583479e-05,
         1.49069226e-03, 1.16346713e-03, 4.72658522e-04, 7.27166958e-05,
         7.27166958e-05, 1.09075044e-04, 3.63583479e-05, 2.18150087e-04,
         2.54508435e-04, 3.63583479e-05, 0.00000000e+00, 3.63583479e-05,
         0.00000000e+00, 1.81791739e-04, 2.90866783e-03, 1.67248400e-03,
         9.81675393e-04, 2.18150087e-04, 1.09075044e-04, 1.09075044e-04,
         2.18150087e-04, 9.08958697e-04, 1.81791739e-04, 2.54508435e-04,
         3.63583479e-05, 7.27166958e-05, 7.27166958e-05, 3.27225131e-04,
         4.61751018e-03, 3.23589296e-03, 2.03606748e-03, 2.18150087e-04,
         1.81791739e-04, 1.45433392e-04, 3.99941827e-04, 1.01803374e-03,
         5.09016870e-04, 1.45433392e-04, 0.00000000e+00, 3.63583479e-05,
         1.81791739e-04, 3.63583479e-04, 4.90837696e-03, 4.10849331e-03,
         2.36329261e-03, 2.90866783e-04, 7.27166958e-05, 1.81791739e-04,
         1.81791739e-04, 1.16346713e-03, 5.09016870e-04, 7.27166958e-05,
         0.00000000e+00, 3.63583479e-05, 1.09075044e-04, 3.63583479e-04,
         6.03548575e-03, 3.74490983e-03, 2.29057592e-03, 2.18150087e-04,
         0.00000000e+00, 0.00000000e+00, 0.00000000e+00, 3.99941827e-04,
         2.18150087e-04, 7.27166958e-05, 0.00000000e+00, 0.00000000e+00,
         7.27166958e-05, 1.09075044e-04, 3.16317627e-03, 2.07242583e-03,
         1.23618383e-03, 1.81791739e-04, 0.00000000e+00, 3.63583479e-05,
         0.00000000e+00, 3.27225131e-04, 2.18150087e-04, 0.00000000e+00,
         0.00000000e+00, 0.00000000e+00, 3.63583479e-05, 3.63583479e-05,
         2.54508435e-03, 1.89063409e-03, 1.12710878e-03, 1.09075044e-04,
         0.00000000e+00, 0.00000000e+00, 0.00000000e+00, 1.45433392e-04,
         7.27166958e-05, 7.27166958e-05, 0.00000000e+00, 7.27166958e-05,
         0.00000000e+00, 0.00000000e+00, 9.45317045e-04, 1.05439209e-03,
         5.45375218e-04, 3.63583479e-05, 7.27166958e-05, 3.63583479e-05,
         7.27166958e-05, 3.99941827e-04, 1.45433392e-04, 1.09075044e-04,
         0.00000000e+00, 0.00000000e+00, 7.27166958e-05, 0.00000000e+00,
         2.21785922e-03, 1.56340896e-03, 1.05439209e-03, 1.45433392e-04,
         1.45433392e-04, 1.81791739e-04, 1.09075044e-04, 5.45375218e-04,
         2.54508435e-04, 1.45433392e-04, 0.00000000e+00, 0.00000000e+00,
         1.09075044e-04, 2.90866783e-04, 3.99941827e-03, 2.83595113e-03,
         1.45433392e-03, 1.45433392e-04, 7.27166958e-05, 3.63583479e-05,
         3.63583479e-05, 1.01803374e-03, 7.27166958e-05, 2.18150087e-04,
         0.00000000e+00, 0.00000000e+00, 7.27166958e-05, 1.45433392e-04,
         5.41739383e-03, 3.23589296e-03, 1.78155905e-03, 2.18150087e-04,
         7.27166958e-05, 7.27166958e-05, 1.45433392e-04, 5.09016870e-04,
         4.36300175e-04, 1.81791739e-04, 0.00000000e+00, 0.00000000e+00,
         7.27166958e-05, 1.81791739e-04, 3.78126818e-03, 2.50872600e-03,
         1.38161722e-03, 1.45433392e-04, 0.00000000e+00, 7.27166958e-05,
         0.00000000e+00, 4.72658522e-04, 7.27166958e-05, 1.09075044e-04,
         0.00000000e+00, 3.63583479e-05, 1.45433392e-04, 7.27166958e-05,
         2.18150087e-03, 1.67248400e-03, 5.45375218e-04, 0.00000000e+00,
         7.27166958e-05, 7.27166958e-05, 0.00000000e+00, 7.27166958e-05,
         1.09075044e-04, 7.27166958e-05, 0.00000000e+00, 3.63583479e-05,
         0.00000000e+00, 1.09075044e-04, 1.12710878e-03, 9.45317045e-04,
         8.72600349e-04, 3.63583479e-05, 0.00000000e+00, 0.00000000e+00,
         3.63583479e-05, 7.27166958e-05, 3.63583479e-05, 0.00000000e+00,
         0.00000000e+00, 3.63583479e-05, 0.00000000e+00, 3.63583479e-05,
         9.08958697e-04, 3.27225131e-04, 2.18150087e-04, 7.27166958e-05,
         3.63583479e-05, 0.00000000e+00, 0.00000000e+00, 2.54508435e-04,
         1.45433392e-04, 7.27166958e-05, 0.00000000e+00, 1.45433392e-04,
         1.81791739e-04, 2.18150087e-04, 1.52705061e-03, 1.09075044e-03,
         1.09075044e-03, 1.09075044e-04, 3.63583479e-05, 7.27166958e-05,
         7.27166958e-05, 3.99941827e-04, 1.81791739e-04, 7.27166958e-05,
         3.63583479e-05, 5.81733566e-04, 1.81791739e-04, 1.81791739e-04,
         3.67219314e-03, 1.59976731e-03, 9.81675393e-04, 7.27166958e-05,
         1.45433392e-04, 1.09075044e-04, 1.45433392e-04, 4.36300175e-04,
         2.18150087e-04, 0.00000000e+00, 0.00000000e+00, 3.27225131e-04,
         2.54508435e-04, 3.99941827e-04, 3.49040140e-03, 1.89063409e-03,
         1.23618383e-03, 3.63583479e-05, 1.45433392e-04, 3.63583479e-05,
         1.09075044e-04, 3.63583479e-04, 1.45433392e-04, 7.27166958e-05,
         0.00000000e+00, 4.72658522e-04, 3.63583479e-04, 4.72658522e-04,
         3.49040140e-03, 2.03606748e-03, 1.16346713e-03, 7.27166958e-05,
         7.27166958e-05, 0.00000000e+00, 0.00000000e+00, 1.09075044e-04,
         3.63583479e-05, 7.27166958e-05, 0.00000000e+00, 1.45433392e-04,
         1.81791739e-04, 7.27166958e-05, 1.89063409e-03, 1.01803374e-03,
         3.99941827e-04, 0.00000000e+00, 7.27166958e-05, 3.63583479e-05,
         3.63583479e-05, 3.27225131e-04, 0.00000000e+00, 3.63583479e-05,
         0.00000000e+00, 1.09075044e-04, 7.27166958e-05, 7.27166958e-05,
         1.23618383e-03, 8.36242001e-04, 2.18150087e-04, 1.09075044e-04,
         3.63583479e-05, 0.00000000e+00, 3.63583479e-05, 1.09075044e-04,
         0.00000000e+00, 0.00000000e+00, 0.00000000e+00, 7.27166958e-05,
         7.27166958e-05, 3.63583479e-05, 7.63525305e-04, 2.90866783e-04,
         2.18150087e-04, 0.00000000e+00]]), 
matrix([[1.34525887e-03, 3.59947644e-03, 2.83595113e-03, ...,
         0.00000000e+00, 3.63583479e-05, 0.00000000e+00],
        [2.90866783e-04, 4.72658522e-04, 5.09016870e-04, ...,
         0.00000000e+00, 0.00000000e+00, 0.00000000e+00],
        [3.63583479e-05, 1.09075044e-04, 1.09075044e-04, ...,
         0.00000000e+00, 0.00000000e+00, 0.00000000e+00],
        ...,
        [4.72658522e-04, 1.09075044e-03, 2.90866783e-04, ...,
         0.00000000e+00, 0.00000000e+00, 0.00000000e+00],
        [1.09075044e-04, 3.27225131e-04, 2.54508435e-04, ...,
         0.00000000e+00, 0.00000000e+00, 0.00000000e+00],
        [0.00000000e+00, 0.00000000e+00, 3.63583479e-05, ...,
         0.00000000e+00, 0.00000000e+00, 0.00000000e+00]]), 
matrix([[3.74490983e-03, 1.09075044e-04, 7.27166958e-05, ...,
         0.00000000e+00, 0.00000000e+00, 0.00000000e+00],
        [1.56340896e-03, 0.00000000e+00, 0.00000000e+00, ...,
         3.63583479e-05, 3.99941827e-04, 3.27225131e-04],
        [2.12332752e-02, 2.54508435e-04, 2.18150087e-04, ...,
         0.00000000e+00, 7.27166958e-04, 0.00000000e+00],
        ...,
        [9.81675393e-04, 0.00000000e+00, 0.00000000e+00, ...,
         0.00000000e+00, 0.00000000e+00, 0.00000000e+00],
        [5.45375218e-04, 3.63583479e-05, 7.27166958e-05, ...,
         0.00000000e+00, 1.81791739e-04, 0.00000000e+00],
        [0.00000000e+00, 0.00000000e+00, 0.00000000e+00, ...,
         0.00000000e+00, 0.00000000e+00, 0.00000000e+00]])]