（注意从0开始）
0.12 k=4
[[7], [7, [7]], [5, [7, 7]], [1, [7, 7, 5]], [4, [7, 7, 5, 1]], [3, [7, 5, 1, 4]], [12, [7, 5, 1, 3]], [13, [5, 1, 3, 12]], [0, [5, 1, 4, 3]], [11, [5, 1, 12, 13]], [9, [7, 7, 13, 0]], [10, [7, 5, 13, 11]], [2, [5, 1, 0, 9]], [8, [7, 5, 0, 2]]]

0.24 k=5
[[7], [7, [7]], [5, [7, 7]], [0, [7, 7, 5]], [9, [7, 7, 5, 0]], [3, [7, 7, 5, 0, 9]], [4, [7, 7, 5, 9, 3]], [10, [7, 5, 0, 9, 3]], [1, [7, 7, 5, 0, 3]], [13, [7, 0, 9, 4, 10]], [2, [7, 5, 0, 3, 1]], [12, [7, 5, 3, 4, 13]], [11, [9, 3, 4, 10, 12]], [8, [5, 0, 9, 3, 10]]]

0.48 k=6
[[7], [7, [7]], [5, [7, 7]], [9, [7, 7, 5]], [0, [7, 7, 5, 9]], [13, [7, 7, 5, 9, 0]], [3, [7, 7, 5, 9, 0, 13]], [4, [7, 5, 9, 0, 13, 3]], [12, [7, 5, 9, 0, 3, 4]], [2, [5, 9, 0, 13, 3, 12]], [1, [7, 0, 3, 4, 12, 2]], [8, [5, 0, 13, 4, 12, 2]], [10, [7, 13, 12, 2, 1, 8]], [11, [7, 5, 3, 12, 2, 1]]]

0.96

1.92

k=4 el
0.06
[[7], [6, [7]], [4, [6, 7]], [3, [6, 7, 4]], [11, [6, 7, 4, 3]], [1, [6, 7, 4, 11]], [9, [7, 3, 11, 1]], [10, [7, 4, 3, 9]], [13, [4, 11, 9, 10]], [5, [7, 4, 9, 13]], [8, [7, 11, 13, 5]], [0, [3, 11, 1, 8]], [2, [11, 10, 13, 5]], [12, [7, 11, 10, 13]]]
0.12
[[7], [6, [7]], [5, [6, 7]], [2, [6, 7, 5]], [8, [7, 6, 5, 2]], [9, [7, 6, 5, 2]], [12, [7, 5, 2, 8]], [13, [7, 8, 9, 12]], [4, [7, 8, 9, 13]], [3, [7, 9, 12, 4]], [1, [7, 6, 9, 3]], [0, [5, 2, 3, 1]], [11, [8, 9, 12, 3]], [10, [7, 8, 9, 1]]]
0.24
[[7], [6, [7]], [5, [6, 7]], [9, [6, 7, 5]], [13, [7, 6, 5, 9]], [0, [7, 5, 9, 13]], [3, [7, 6, 13, 0]], [4, [5, 13, 0, 3]], [12, [9, 13, 0, 3]], [10, [9, 13, 0, 12]], [2, [7, 5, 0, 3]], [8, [5, 0, 12, 2]], [1, [5, 4, 10, 2]], [11, [9, 13, 10, 1]]]
0.48
[[7], [6, [7]], [5, [6, 7]], [0, [6, 7, 5]], [9, [7, 6, 5, 0]], [12, [7, 6, 0, 9]], [13, [7, 5, 0, 9]], [4, [7, 5, 0, 13]], [3, [7, 12, 13, 4]], [1, [7, 0, 12, 3]], [10, [7, 0, 12, 3]], [2, [7, 12, 3, 1]], [11, [12, 13, 4, 10]], [8, [7, 12, 4, 2]]]
0.96
[[7], [6, [7]], [5, [6, 7]], [9, [6, 7, 5]], [0, [7, 6, 5, 9]], [13, [7, 6, 5, 9]], [12, [7, 5, 9, 13]], [3, [7, 0, 13, 12]], [4, [7, 6, 9, 3]], [1, [5, 0, 12, 3]], [2, [7, 0, 12, 3]], [10, [7, 9, 13, 3]], [8, [5, 3, 1, 10]], [11, [4, 1, 10, 8]]]

k=4 PrivBayes
0.06
[[0], [6, [0]], [7, [0, 6]], [5, [0, 6, 7]], [9, [0, 6, 7, 5]], [12, [0, 6, 5, 9]], [3, [0, 6, 5, 12]], [4, [7, 9, 12, 3]], [13, [7, 5, 3, 4]], [2, [6, 5, 3, 13]], [11, [0, 9, 13, 2]], [1, [0, 9, 12, 2]], [8, [3, 2, 11, 1]], [10, [5, 9, 13, 2]]]

0.12
[[0], [12, [0]], [11, [0, 12]], [7, [0, 12, 11]], [5, [0, 12, 11, 7]], [9, [12, 11, 7, 5]], [1, [0, 11, 5, 9]], [10, [0, 5, 9, 1]], [2, [0, 5, 1, 10]], [4, [12, 5, 1, 2]], [3, [0, 5, 9, 4]], [13, [12, 7, 1, 2]], [6, [9, 1, 2, 3]], [8, [0, 12, 7, 6]]]

0.24
[[0], [10, [0]], [2, [0, 10]], [1, [0, 10, 2]], [5, [0, 10, 2, 1]], [7, [0, 10, 1, 5]], [9, [10, 1, 5, 7]], [12, [0, 10, 2, 5]], [8, [0, 2, 5, 12]], [6, [0, 9, 12, 8]], [3, [1, 5, 7, 6]], [4, [0, 1, 5, 3]], [13, [10, 5, 9, 3]], [11, [0, 12, 3, 4]]]

0.48
[[0], [5, [0]], [7, [0, 5]], [9, [0, 5, 7]], [6, [0, 5, 7, 9]], [3, [0, 5, 7, 6]], [4, [0, 5, 9, 3]], [13, [5, 7, 6, 3]], [1, [7, 6, 3, 4]], [2, [5, 9, 6, 3]], [12, [0, 5, 1, 2]], [8, [3, 1, 2, 12]], [10, [5, 6, 13, 12]], [11, [6, 4, 8, 10]]]

0.96
[[0], [5, [0]], [7, [0, 5]], [9, [0, 5, 7]], [6, [0, 5, 7, 9]], [3, [0, 7, 9, 6]], [4, [0, 7, 9, 3]], [12, [0, 7, 6, 3]], [1, [7, 6, 3, 12]], [13, [0, 5, 6, 4]], [2, [0, 6, 12, 1]], [10, [0, 9, 4, 1]], [8, [6, 3, 12, 2]], [11, [4, 2, 10, 8]]]

