[[], matrix([[0.28926702, 0.29693863, 0.16833915, 0.11689209, 0.12856312]]), 
matrix([[0.03650378, 0.0466114 , 0.05268325, 0.07020797, 0.04108493,
         0.02483275, 0.01734293, 0.03715823, 0.05628272, 0.05828243,
         0.06722659, 0.03661286, 0.02675974, 0.01461606, 0.02123328,
         0.0322135 , 0.03592205, 0.03795812, 0.01883362, 0.01548866,
         0.00668994, 0.01516143, 0.02515998, 0.02821408, 0.02323298,
         0.01272542, 0.00883508, 0.00356312, 0.01610675, 0.02741419,
         0.03039558, 0.02745055, 0.01403432, 0.00912595, 0.00403578]]), 
matrix([[1.27254218e-03, 1.27617801e-02, 5.89005236e-03, 1.28344968e-02,
         1.19982548e-03, 2.54508435e-03, 1.41797557e-03, 2.06515416e-02,
         7.05351949e-03, 1.27617801e-02, 1.92699244e-03, 2.79959279e-03,
         1.34525887e-03, 2.36692845e-02, 8.72600349e-03, 1.32344386e-02,
         2.29057592e-03, 3.41768470e-03, 2.10878418e-03, 3.08682373e-02,
         1.12347295e-02, 1.93789994e-02, 2.79959279e-03, 3.81762653e-03,
         1.09075044e-03, 1.58885980e-02, 7.05351949e-03, 1.21800465e-02,
         2.21785922e-03, 2.65415939e-03, 6.18091914e-04, 1.01803374e-02,
         3.16317627e-03, 8.54421175e-03, 1.01803374e-03, 1.30890052e-03,
         6.54450262e-04, 6.39906923e-03, 2.83595113e-03, 5.59918557e-03,
         9.08958697e-04, 9.45317045e-04, 1.99970913e-03, 2.36329261e-03,
         1.75610820e-02, 9.67132054e-03, 5.45375218e-04, 5.01745201e-03,
         3.74490983e-03, 4.90837696e-03, 2.59598604e-02, 1.38525305e-02,
         1.09075044e-03, 6.72629436e-03, 3.19953461e-03, 4.98109366e-03,
         2.70869692e-02, 1.49069226e-02, 8.36242001e-04, 7.27166958e-03,
         4.10849331e-03, 5.56282723e-03, 3.22134962e-02, 1.72338569e-02,
         9.81675393e-04, 7.12623618e-03, 1.70884235e-03, 2.10878418e-03,
         1.63248982e-02, 1.02894124e-02, 5.09016870e-04, 5.67190227e-03,
         1.41797557e-03, 1.49069226e-03, 1.21436882e-02, 7.56253636e-03,
         4.36300175e-04, 3.70855148e-03, 9.45317045e-04, 1.19982548e-03,
         5.96276905e-03, 4.07213496e-03, 2.54508435e-04, 2.18150087e-03,
         1.16346713e-03, 6.54450262e-04, 1.16346713e-02, 5.34467714e-03,
         1.81791739e-04, 2.25421757e-03, 2.07242583e-03, 1.19982548e-03,
         1.68339151e-02, 6.58086097e-03, 2.54508435e-04, 5.27196044e-03,
         1.96335079e-03, 1.27254218e-03, 1.86518325e-02, 7.81704479e-03,
         5.45375218e-04, 5.67190227e-03, 2.07242583e-03, 1.41797557e-03,
         1.99970913e-02, 8.39877836e-03, 5.81733566e-04, 5.49011053e-03,
         7.63525305e-04, 7.27166958e-04, 1.05802792e-02, 4.07213496e-03,
         2.18150087e-04, 2.47236766e-03, 6.18091914e-04, 3.27225131e-04,
         8.43513671e-03, 4.18121001e-03, 1.81791739e-04, 1.74520070e-03,
         3.27225131e-04, 1.81791739e-04, 3.92670157e-03, 1.34525887e-03,
         7.27166958e-05, 8.36242001e-04, 9.45317045e-04, 1.81791739e-04,
         8.98051193e-03, 3.16317627e-03, 2.90866783e-04, 1.59976731e-03,
         1.12710878e-03, 5.09016870e-04, 1.47978476e-02, 4.90837696e-03,
         5.09016870e-04, 3.30860966e-03, 1.45433392e-03, 4.36300175e-04,
         1.70157068e-02, 5.67190227e-03, 3.27225131e-04, 3.30860966e-03,
         1.09075044e-03, 6.54450262e-04, 1.29072135e-02, 5.56282723e-03,
         2.90866783e-04, 2.72687609e-03, 5.81733566e-04, 3.63583479e-05,
         7.74432810e-03, 2.79959279e-03, 1.45433392e-04, 1.41797557e-03,
         5.45375218e-04, 2.18150087e-04, 4.36300175e-03, 2.47236766e-03,
         1.81791739e-04, 1.05439209e-03, 7.27166958e-05, 3.63583479e-05,
         2.29057592e-03, 7.27166958e-04, 3.63583479e-05, 3.99941827e-04,
         6.90808610e-04, 7.27166958e-05, 8.87143688e-03, 4.79930192e-03,
         4.36300175e-04, 1.23618383e-03, 9.45317045e-04, 4.72658522e-04,
         1.63976149e-02, 6.65357766e-03, 5.45375218e-04, 2.39965096e-03,
         1.30890052e-03, 2.54508435e-04, 1.63612565e-02, 8.47149506e-03,
         7.63525305e-04, 3.23589296e-03, 1.16346713e-03, 2.90866783e-04,
         1.59613147e-02, 7.16259453e-03, 3.99941827e-04, 2.47236766e-03,
         3.27225131e-04, 1.09075044e-04, 7.85340314e-03, 4.10849331e-03,
         2.90866783e-04, 1.34525887e-03, 4.72658522e-04, 7.27166958e-05,
         5.63554392e-03, 2.10878418e-03, 1.09075044e-04, 7.27166958e-04,
         1.45433392e-04, 3.63583479e-05, 2.58144270e-03, 7.63525305e-04,
         3.63583479e-05, 4.72658522e-04]]), matrix([[7.27166958e-05, 7.27166958e-04, 7.27166958e-05, ...,
         0.00000000e+00, 7.27166958e-05, 3.63583479e-05]]), 
matrix([[4.72658522e-04, 0.00000000e+00, 2.94502618e-03, 0.00000000e+00,
         2.90866783e-04, 0.00000000e+00, 2.03606748e-03, 0.00000000e+00,
         3.27225131e-04, 0.00000000e+00, 1.59976731e-03, 2.14514252e-03,
         4.25392670e-03, 5.70826062e-03, 7.27166958e-05, 2.54508435e-04,
         1.01803374e-03, 9.45317045e-04, 3.63583479e-05, 0.00000000e+00,
         0.00000000e+00, 4.25392670e-03, 0.00000000e+00, 3.01410704e-02,
         0.00000000e+00, 3.67219314e-03, 0.00000000e+00, 1.31253636e-02,
         0.00000000e+00, 1.74520070e-03, 1.23618383e-03, 1.85427574e-03,
         8.79872019e-03, 1.01076207e-02, 5.45375218e-04, 1.16346713e-03,
         5.52646888e-03, 5.49011053e-03, 5.09016870e-04, 5.81733566e-04,
         2.90866783e-04, 2.18150087e-04, 7.27166958e-04, 9.08958697e-04,
         7.27166958e-05, 3.63583479e-05, 1.09075044e-04, 2.90866783e-04,
         0.00000000e+00, 0.00000000e+00, 6.18091914e-04, 5.09016870e-04,
         5.99912740e-03, 1.92699244e-03, 7.27166958e-04, 1.09075044e-04,
         1.81791739e-03, 6.90808610e-04, 1.45433392e-04, 1.09075044e-04,
         6.90808610e-04, 0.00000000e+00, 4.32664340e-03, 0.00000000e+00,
         5.45375218e-04, 0.00000000e+00, 3.52675974e-03, 0.00000000e+00,
         2.18150087e-04, 0.00000000e+00, 1.81791739e-03, 2.61780105e-03,
         7.92611984e-03, 8.90779523e-03, 3.27225131e-04, 5.45375218e-04,
         2.65415939e-03, 2.76323444e-03, 0.00000000e+00, 1.81791739e-04,
         0.00000000e+00, 7.85340314e-03, 0.00000000e+00, 4.06849913e-02,
         0.00000000e+00, 3.85398487e-03, 0.00000000e+00, 2.48327516e-02,
         0.00000000e+00, 3.81762653e-03, 1.92699244e-03, 2.21785922e-03,
         1.18528214e-02, 1.26890634e-02, 1.01803374e-03, 1.01803374e-03,
         6.90808610e-03, 5.89005236e-03, 6.90808610e-04, 5.45375218e-04,
         2.90866783e-04, 6.18091914e-04, 1.38161722e-03, 1.45433392e-03,
         1.09075044e-04, 0.00000000e+00, 2.18150087e-04, 2.18150087e-04,
         3.63583479e-05, 0.00000000e+00, 1.63612565e-03, 6.54450262e-04,
         1.00349040e-02, 2.76323444e-03, 6.90808610e-04, 1.81791739e-04,
         3.59947644e-03, 8.36242001e-04, 7.27166958e-05, 3.63583479e-05,
         3.99941827e-04, 0.00000000e+00, 5.52646888e-03, 0.00000000e+00,
         5.45375218e-04, 0.00000000e+00, 2.58144270e-03, 0.00000000e+00,
         2.18150087e-04, 0.00000000e+00, 2.43600931e-03, 2.83595113e-03,
         8.87143688e-03, 1.10892961e-02, 5.45375218e-04, 3.63583479e-04,
         2.32693426e-03, 1.99970913e-03, 3.63583479e-05, 1.09075044e-04,
         0.00000000e+00, 8.28970332e-03, 3.63583479e-05, 4.73022106e-02,
         0.00000000e+00, 3.12681792e-03, 0.00000000e+00, 2.46146015e-02,
         0.00000000e+00, 4.47207679e-03, 1.78155905e-03, 2.29057592e-03,
         1.40343223e-02, 1.30162885e-02, 1.27254218e-03, 1.12710878e-03,
         8.03519488e-03, 7.41710297e-03, 4.72658522e-04, 6.54450262e-04,
         3.63583479e-04, 5.81733566e-04, 1.52705061e-03, 1.67248400e-03,
         7.27166958e-05, 7.27166958e-05, 1.81791739e-04, 2.54508435e-04,
         0.00000000e+00, 3.63583479e-05, 1.78155905e-03, 6.90808610e-04,
         1.18528214e-02, 2.90866783e-03, 1.38161722e-03, 2.18150087e-04,
         3.30860966e-03, 6.18091914e-04, 1.45433392e-04, 0.00000000e+00,
         6.90808610e-04, 0.00000000e+00, 5.70826062e-03, 0.00000000e+00,
         5.81733566e-04, 0.00000000e+00, 3.27225131e-03, 0.00000000e+00,
         2.90866783e-04, 0.00000000e+00, 2.14514252e-03, 4.21756835e-03,
         1.15255963e-02, 1.31253636e-02, 7.63525305e-04, 5.45375218e-04,
         3.56311809e-03, 2.76323444e-03, 1.09075044e-04, 3.63583479e-05,
         0.00000000e+00, 8.36242001e-03, 0.00000000e+00, 4.97382199e-02,
         0.00000000e+00, 4.14485166e-03, 0.00000000e+00, 2.60325771e-02,
         0.00000000e+00, 4.03577661e-03, 1.74520070e-03, 2.54508435e-03,
         1.44706225e-02, 1.62521815e-02, 1.27254218e-03, 1.01803374e-03,
         8.79872019e-03, 9.92582897e-03, 6.54450262e-04, 1.05439209e-03,
         2.18150087e-04, 3.63583479e-04, 1.49069226e-03, 1.85427574e-03,
         0.00000000e+00, 1.09075044e-04, 5.09016870e-04, 3.99941827e-04,
         3.63583479e-05, 7.27166958e-05, 1.63612565e-03, 8.72600349e-04,
         1.11256545e-02, 2.58144270e-03, 1.01803374e-03, 2.90866783e-04,
         2.54508435e-03, 9.81675393e-04, 3.27225131e-04, 2.54508435e-04,
         2.18150087e-04, 0.00000000e+00, 2.50872600e-03, 0.00000000e+00,
         1.81791739e-04, 0.00000000e+00, 1.41797557e-03, 0.00000000e+00,
         1.45433392e-04, 0.00000000e+00, 1.19982548e-03, 1.92699244e-03,
         5.23560209e-03, 7.27166958e-03, 3.63583479e-04, 2.90866783e-04,
         1.30890052e-03, 1.27254218e-03, 0.00000000e+00, 0.00000000e+00,
         0.00000000e+00, 5.67190227e-03, 0.00000000e+00, 2.57053519e-02,
         0.00000000e+00, 2.36329261e-03, 0.00000000e+00, 1.37070971e-02,
         0.00000000e+00, 2.10878418e-03, 1.27254218e-03, 1.99970913e-03,
         7.19895288e-03, 1.04712042e-02, 6.18091914e-04, 7.63525305e-04,
         4.87201862e-03, 5.70826062e-03, 3.63583479e-04, 1.81791739e-04,
         3.63583479e-05, 5.45375218e-04, 1.16346713e-03, 1.34525887e-03,
         0.00000000e+00, 0.00000000e+00, 1.45433392e-04, 1.45433392e-04,
         0.00000000e+00, 0.00000000e+00, 1.78155905e-03, 3.63583479e-04,
         5.96276905e-03, 1.92699244e-03, 7.27166958e-04, 1.09075044e-04,
         1.85427574e-03, 7.27166958e-04, 3.63583479e-05, 7.27166958e-05,
         3.63583479e-04, 0.00000000e+00, 1.96335079e-03, 0.00000000e+00,
         1.45433392e-04, 0.00000000e+00, 1.01803374e-03, 3.63583479e-05,
         1.45433392e-04, 0.00000000e+00, 9.45317045e-04, 1.56340896e-03,
         2.94502618e-03, 4.94473531e-03, 1.45433392e-04, 1.81791739e-04,
         6.54450262e-04, 7.63525305e-04, 3.63583479e-05, 1.09075044e-04,
         0.00000000e+00, 2.79959279e-03, 0.00000000e+00, 1.81791739e-02,
         0.00000000e+00, 1.59976731e-03, 0.00000000e+00, 9.05322862e-03,
         0.00000000e+00, 2.10878418e-03, 5.81733566e-04, 1.34525887e-03,
         5.70826062e-03, 7.48981966e-03, 6.54450262e-04, 6.18091914e-04,
         3.38132635e-03, 4.47207679e-03, 1.81791739e-04, 4.36300175e-04,
         2.18150087e-04, 1.81791739e-04, 6.54450262e-04, 4.72658522e-04,
         1.09075044e-04, 7.27166958e-05, 3.63583479e-05, 1.81791739e-04,
         0.00000000e+00, 0.00000000e+00, 5.45375218e-04, 2.54508435e-04,
         4.50843514e-03, 1.41797557e-03, 2.90866783e-04, 7.27166958e-05,
         7.63525305e-04, 5.45375218e-04, 3.63583479e-05, 1.09075044e-04,
         1.45433392e-04, 0.00000000e+00, 1.12710878e-03, 0.00000000e+00,
         3.63583479e-05, 0.00000000e+00, 7.27166958e-04, 0.00000000e+00,
         1.09075044e-04, 0.00000000e+00, 5.09016870e-04, 1.38161722e-03,
         1.45433392e-03, 3.45404305e-03, 3.63583479e-05, 1.45433392e-04,
         1.81791739e-04, 6.90808610e-04, 0.00000000e+00, 0.00000000e+00,
         0.00000000e+00, 1.78155905e-03, 0.00000000e+00, 9.38045375e-03,
         0.00000000e+00, 9.81675393e-04, 0.00000000e+00, 4.83566027e-03,
         0.00000000e+00, 6.18091914e-04, 4.36300175e-04, 6.18091914e-04,
         2.29057592e-03, 4.50843514e-03, 1.81791739e-04, 2.18150087e-04,
         1.56340896e-03, 2.47236766e-03, 1.45433392e-04, 7.27166958e-05,
         3.63583479e-05, 1.09075044e-04, 3.27225131e-04, 6.18091914e-04,
         0.00000000e+00, 0.00000000e+00, 7.27166958e-05, 1.45433392e-04,
         0.00000000e+00, 0.00000000e+00, 6.90808610e-04, 2.90866783e-04,
         2.43600931e-03, 5.09016870e-04, 2.18150087e-04, 0.00000000e+00,
         4.36300175e-04, 1.81791739e-04, 3.63583479e-05, 3.63583479e-05]]), 
matrix([[7.27166958e-03, 3.63583479e-05, 2.54508435e-04, 7.27166958e-05,
         8.36242001e-04, 3.63583479e-05, 0.00000000e+00, 0.00000000e+00,
         0.00000000e+00, 0.00000000e+00, 4.69386271e-02, 9.81675393e-04,
         2.54508435e-04, 2.90866783e-04, 5.45375218e-03, 5.77006981e-02,
         1.05439209e-03, 7.63525305e-04, 1.45433392e-04, 6.83536940e-03,
         0.00000000e+00, 0.00000000e+00, 0.00000000e+00, 0.00000000e+00,
         0.00000000e+00, 4.23211169e-02, 2.18150087e-04, 5.81733566e-04,
         3.63583479e-04, 2.47236766e-03, 3.48676556e-02, 3.99941827e-04,
         3.27225131e-04, 3.99941827e-04, 2.54508435e-03, 4.10485748e-02,
         4.36300175e-04, 4.36300175e-04, 3.99941827e-04, 3.67219314e-03,
         3.45404305e-03, 1.09075044e-04, 3.63583479e-05, 3.63583479e-05,
         9.08958697e-04, 6.21727749e-03, 1.81791739e-04, 3.63583479e-05,
         1.45433392e-04, 1.23618383e-03, 7.88976149e-03, 1.09075044e-04,
         2.54508435e-04, 1.45433392e-04, 3.67219314e-03, 4.43571844e-03,
         7.27166958e-05, 1.09075044e-04, 7.27166958e-05, 7.27166958e-04,
         1.54159395e-02, 1.45433392e-04, 3.63583479e-05, 7.27166958e-05,
         1.45433392e-03, 0.00000000e+00, 0.00000000e+00, 0.00000000e+00,
         0.00000000e+00, 0.00000000e+00, 6.58086097e-03, 2.18150087e-04,
         2.90866783e-04, 3.63583479e-05, 1.74520070e-03, 1.15983130e-02,
         2.18150087e-04, 1.45433392e-04, 1.09075044e-04, 1.67248400e-03,
         3.63583479e-05, 0.00000000e+00, 0.00000000e+00, 0.00000000e+00,
         0.00000000e+00, 1.29035777e-01, 1.05439209e-03, 9.08958697e-04,
         2.90866783e-04, 5.92641070e-03, 2.67597440e-02, 2.90866783e-04,
         2.18150087e-04, 1.45433392e-04, 3.05410122e-03, 4.12667248e-02,
         4.36300175e-04, 5.81733566e-04, 1.81791739e-04, 4.65386853e-03,
         1.19982548e-03, 7.27166958e-05, 3.63583479e-05, 7.27166958e-05,
         3.27225131e-04, 2.10878418e-03, 1.09075044e-04, 2.18150087e-04,
         0.00000000e+00, 5.09016870e-04, 2.03243165e-02, 2.18150087e-04,
         5.81733566e-04, 1.09075044e-04, 8.72600349e-03, 6.25363583e-03,
         7.27166958e-05, 2.18150087e-04, 7.27166958e-05, 1.12710878e-03,
         7.59889471e-03, 3.63583479e-05, 1.45433392e-04, 0.00000000e+00,
         1.19982548e-03, 0.00000000e+00, 0.00000000e+00, 0.00000000e+00,
         0.00000000e+00, 0.00000000e+00, 1.89063409e-03, 7.27166958e-05,
         3.63583479e-05, 0.00000000e+00, 4.36300175e-04, 3.09045957e-03,
         3.63583479e-05, 3.63583479e-05, 3.63583479e-05, 1.45433392e-04,
         0.00000000e+00, 0.00000000e+00, 0.00000000e+00, 0.00000000e+00,
         0.00000000e+00, 8.25334497e-02, 6.18091914e-04, 9.45317045e-04,
         3.99941827e-04, 5.56282723e-03, 1.46524142e-02, 2.54508435e-04,
         1.81791739e-04, 1.09075044e-04, 2.14514252e-03, 1.78155905e-02,
         2.54508435e-04, 1.81791739e-04, 0.00000000e+00, 2.14514252e-03,
         6.90808610e-04, 0.00000000e+00, 0.00000000e+00, 0.00000000e+00,
         3.63583479e-04, 6.54450262e-04, 0.00000000e+00, 0.00000000e+00,
         0.00000000e+00, 3.27225131e-04, 1.36707388e-02, 2.18150087e-04,
         2.54508435e-04, 7.27166958e-05, 4.50843514e-03, 4.29028505e-03,
         3.63583479e-05, 7.27166958e-05, 0.00000000e+00, 6.18091914e-04,
         5.16288540e-03, 3.63583479e-05, 7.27166958e-05, 0.00000000e+00,
         5.45375218e-04, 0.00000000e+00, 0.00000000e+00, 0.00000000e+00,
         0.00000000e+00, 0.00000000e+00, 8.72600349e-04, 3.63583479e-05,
         0.00000000e+00, 3.63583479e-05, 2.18150087e-04, 8.36242001e-04,
         0.00000000e+00, 0.00000000e+00, 0.00000000e+00, 7.27166958e-05,
         0.00000000e+00, 0.00000000e+00, 0.00000000e+00, 0.00000000e+00,
         0.00000000e+00, 6.36998255e-02, 3.63583479e-04, 3.99941827e-04,
         1.09075044e-04, 3.52675974e-03, 1.12347295e-02, 1.09075044e-04,
         1.81791739e-04, 3.63583479e-05, 1.78155905e-03, 1.06529959e-02,
         7.27166958e-05, 1.09075044e-04, 0.00000000e+00, 1.12710878e-03,
         1.12710878e-03, 0.00000000e+00, 0.00000000e+00, 0.00000000e+00,
         2.18150087e-04, 3.63583479e-04, 0.00000000e+00, 0.00000000e+00,
         0.00000000e+00, 7.27166958e-05, 8.18062827e-03, 1.09075044e-04,
         7.27166958e-05, 0.00000000e+00, 2.50872600e-03, 2.65415939e-03,
         3.63583479e-05, 0.00000000e+00, 0.00000000e+00, 2.54508435e-04,
         4.61751018e-03, 7.27166958e-05, 0.00000000e+00, 0.00000000e+00,
         3.63583479e-04, 0.00000000e+00, 0.00000000e+00, 0.00000000e+00,
         0.00000000e+00, 0.00000000e+00, 5.45375218e-04, 0.00000000e+00,
         0.00000000e+00, 0.00000000e+00, 1.09075044e-04, 5.09016870e-04,
         7.27166958e-05, 0.00000000e+00, 0.00000000e+00, 7.27166958e-05,
         0.00000000e+00, 0.00000000e+00, 0.00000000e+00, 0.00000000e+00,
         0.00000000e+00, 6.92626527e-02, 6.18091914e-04, 2.90866783e-04,
         7.27166958e-05, 3.41768470e-03, 1.86881908e-02, 1.45433392e-04,
         1.81791739e-04, 3.63583479e-05, 2.25421757e-03, 1.13074462e-02,
         1.45433392e-04, 3.63583479e-05, 0.00000000e+00, 1.27254218e-03,
         1.41797557e-03, 0.00000000e+00, 3.63583479e-05, 0.00000000e+00,
         3.27225131e-04, 6.18091914e-04, 3.63583479e-05, 0.00000000e+00,
         0.00000000e+00, 1.45433392e-04, 6.87172775e-03, 7.27166958e-05,
         2.54508435e-04, 0.00000000e+00, 1.96335079e-03, 2.25421757e-03,
         3.63583479e-05, 7.27166958e-05, 3.63583479e-05, 3.27225131e-04]]), 
matrix([[4.36300175e-03, 0.00000000e+00, 2.90866783e-04, 0.00000000e+00,
         3.27225131e-04, 1.96335079e-02, 3.27225131e-04, 9.81675393e-04,
         7.27166958e-05, 1.23618383e-03, 1.45433392e-03, 7.27166958e-05,
         7.27166958e-05, 0.00000000e+00, 7.27166958e-05, 6.72629436e-03,
         2.18150087e-04, 7.27166958e-05, 1.09075044e-04, 2.54508435e-04,
         2.18150087e-04, 0.00000000e+00, 0.00000000e+00, 0.00000000e+00,
         0.00000000e+00, 5.81733566e-03, 0.00000000e+00, 1.45433392e-04,
         0.00000000e+00, 5.45375218e-04, 2.50509017e-02, 8.36242001e-04,
         2.54508435e-04, 2.18150087e-04, 1.74520070e-03, 1.59976731e-03,
         1.09075044e-04, 3.63583479e-05, 0.00000000e+00, 0.00000000e+00,
         9.38045375e-03, 3.99941827e-04, 0.00000000e+00, 3.63583479e-05,
         2.90866783e-04, 1.45433392e-04, 0.00000000e+00, 0.00000000e+00,
         0.00000000e+00, 0.00000000e+00, 6.18091914e-03, 3.63583479e-05,
         3.63583479e-05, 1.09075044e-04, 6.90808610e-04, 2.79595695e-02,
         4.36300175e-04, 2.90866783e-04, 4.72658522e-04, 3.19953461e-03,
         1.81791739e-03, 0.00000000e+00, 0.00000000e+00, 3.63583479e-05,
         1.45433392e-04, 9.67132054e-03, 2.54508435e-04, 3.63583479e-05,
         1.09075044e-04, 9.45317045e-04, 1.81791739e-04, 7.27166958e-05,
         0.00000000e+00, 0.00000000e+00, 0.00000000e+00, 8.36242001e-03,
         3.63583479e-05, 1.09075044e-04, 1.09075044e-04, 7.63525305e-04,
         3.74854567e-02, 2.54508435e-04, 3.27225131e-04, 3.27225131e-04,
         4.65386853e-03, 2.03606748e-03, 0.00000000e+00, 0.00000000e+00,
         0.00000000e+00, 4.36300175e-04, 1.35253054e-02, 1.09075044e-04,
         3.63583479e-05, 7.27166958e-05, 1.01803374e-03, 5.45375218e-04,
         0.00000000e+00, 0.00000000e+00, 0.00000000e+00, 0.00000000e+00,
         4.98109366e-03, 3.63583479e-05, 3.63583479e-05, 1.09075044e-04,
         7.27166958e-04, 2.10514834e-02, 7.27166958e-05, 1.09075044e-04,
         2.18150087e-04, 4.03577661e-03, 1.38161722e-03, 0.00000000e+00,
         0.00000000e+00, 0.00000000e+00, 1.45433392e-04, 6.94444444e-03,
         3.63583479e-05, 3.63583479e-05, 0.00000000e+00, 7.99883653e-04,
         3.27225131e-04, 0.00000000e+00, 0.00000000e+00, 0.00000000e+00,
         3.63583479e-05, 2.83595113e-03, 3.63583479e-05, 0.00000000e+00,
         0.00000000e+00, 6.18091914e-04, 1.35616638e-02, 1.81791739e-04,
         1.45433392e-04, 7.27166958e-05, 1.99970913e-03, 9.81675393e-04,
         0.00000000e+00, 3.63583479e-05, 0.00000000e+00, 3.63583479e-05,
         3.89034322e-03, 7.27166958e-05, 0.00000000e+00, 0.00000000e+00,
         1.81791739e-04, 1.81791739e-04, 0.00000000e+00, 0.00000000e+00,
         0.00000000e+00, 0.00000000e+00, 2.29057592e-03, 0.00000000e+00,
         0.00000000e+00, 0.00000000e+00, 3.27225131e-04, 8.47149506e-03,
         0.00000000e+00, 0.00000000e+00, 0.00000000e+00, 2.39965096e-03,
         3.99941827e-04, 0.00000000e+00, 0.00000000e+00, 0.00000000e+00,
         3.63583479e-05, 2.69051774e-03, 0.00000000e+00, 0.00000000e+00,
         0.00000000e+00, 6.90808610e-04, 3.63583479e-05, 0.00000000e+00,
         0.00000000e+00, 0.00000000e+00, 0.00000000e+00, 2.10878418e-03,
         0.00000000e+00, 1.09075044e-04, 0.00000000e+00, 2.18150087e-04,
         1.84700407e-02, 4.72658522e-04, 9.08958697e-04, 3.63583479e-05,
         1.23618383e-03, 2.79959279e-03, 1.09075044e-04, 0.00000000e+00,
         0.00000000e+00, 0.00000000e+00, 9.45317045e-03, 7.27166958e-05,
         1.81791739e-04, 0.00000000e+00, 1.09075044e-04, 7.99883653e-04,
         0.00000000e+00, 0.00000000e+00, 0.00000000e+00, 7.27166958e-05,
         3.67219314e-03, 0.00000000e+00, 1.09075044e-04, 0.00000000e+00,
         2.54508435e-04, 2.68324607e-02, 5.45375218e-04, 6.90808610e-04,
         1.45433392e-04, 1.89063409e-03, 2.69051774e-03, 1.09075044e-04,
         1.09075044e-04, 0.00000000e+00, 1.09075044e-04, 1.61794648e-02,
         4.72658522e-04, 1.09075044e-04, 1.09075044e-04, 4.72658522e-04,
         1.63612565e-03, 7.27166958e-05, 3.63583479e-05, 0.00000000e+00,
         3.63583479e-05, 3.05410122e-03, 0.00000000e+00, 0.00000000e+00,
         3.63583479e-05, 6.18091914e-04, 2.99592787e-02, 3.63583479e-05,
         3.99941827e-04, 1.45433392e-04, 3.30860966e-03, 2.98138453e-03,
         0.00000000e+00, 3.63583479e-05, 7.27166958e-05, 3.63583479e-04,
         1.42888307e-02, 2.54508435e-04, 3.63583479e-05, 7.27166958e-05,
         8.72600349e-04, 1.67248400e-03, 3.63583479e-05, 0.00000000e+00,
         0.00000000e+00, 3.63583479e-05, 4.32664340e-03, 0.00000000e+00,
         0.00000000e+00, 0.00000000e+00, 4.36300175e-04, 3.25770797e-02,
         1.45433392e-04, 2.54508435e-04, 7.27166958e-05, 4.03577661e-03,
         3.16317627e-03, 0.00000000e+00, 3.63583479e-05, 0.00000000e+00,
         2.54508435e-04, 1.84336824e-02, 1.09075044e-04, 0.00000000e+00,
         7.27166958e-05, 1.19982548e-03, 2.10878418e-03, 0.00000000e+00,
         0.00000000e+00, 0.00000000e+00, 0.00000000e+00, 2.18150087e-03,
         0.00000000e+00, 0.00000000e+00, 3.63583479e-05, 5.45375218e-04,
         1.66521233e-02, 7.27166958e-05, 7.27166958e-05, 7.27166958e-05,
         3.89034322e-03, 1.38161722e-03, 0.00000000e+00, 0.00000000e+00,
         0.00000000e+00, 6.18091914e-04, 9.01687027e-03, 1.09075044e-04,
         0.00000000e+00, 3.63583479e-05, 1.16346713e-03, 7.27166958e-04,
         0.00000000e+00, 3.63583479e-05, 0.00000000e+00, 0.00000000e+00,
         1.74520070e-03, 0.00000000e+00, 3.63583479e-05, 0.00000000e+00,
         5.09016870e-04, 1.17073880e-02, 7.27166958e-05, 7.27166958e-05,
         0.00000000e+00, 2.90866783e-03, 1.19982548e-03, 0.00000000e+00,
         0.00000000e+00, 0.00000000e+00, 2.18150087e-04, 6.39906923e-03,
         1.09075044e-04, 0.00000000e+00, 3.63583479e-05, 6.54450262e-04,
         1.09075044e-03, 0.00000000e+00, 0.00000000e+00, 0.00000000e+00,
         0.00000000e+00, 1.05439209e-03, 0.00000000e+00, 0.00000000e+00,
         0.00000000e+00, 5.45375218e-04, 5.96276905e-03, 3.63583479e-05,
         0.00000000e+00, 1.45433392e-04, 1.89063409e-03, 5.09016870e-04,
         0.00000000e+00, 0.00000000e+00, 0.00000000e+00, 1.09075044e-04,
         3.52675974e-03, 0.00000000e+00, 0.00000000e+00, 0.00000000e+00,
         5.81733566e-04, 2.18150087e-04, 0.00000000e+00, 0.00000000e+00,
         0.00000000e+00, 3.63583479e-05, 8.36242001e-04, 0.00000000e+00,
         3.63583479e-05, 3.63583479e-05, 1.45433392e-04, 1.01076207e-02,
         1.45433392e-04, 2.90866783e-04, 3.63583479e-05, 6.90808610e-04,
         1.01803374e-03, 7.27166958e-05, 3.63583479e-05, 0.00000000e+00,
         0.00000000e+00, 6.50814427e-03, 1.45433392e-04, 1.09075044e-04,
         0.00000000e+00, 1.81791739e-04, 7.99883653e-04, 0.00000000e+00,
         3.63583479e-05, 0.00000000e+00, 0.00000000e+00, 1.45433392e-03,
         0.00000000e+00, 3.63583479e-05, 0.00000000e+00, 5.09016870e-04,
         1.36707388e-02, 5.09016870e-04, 2.90866783e-04, 0.00000000e+00,
         1.59976731e-03, 1.49069226e-03, 3.63583479e-05, 3.63583479e-05,
         3.63583479e-05, 7.27166958e-05, 1.01076207e-02, 2.90866783e-04,
         3.63583479e-05, 3.63583479e-05, 6.18091914e-04, 1.34525887e-03,
         0.00000000e+00, 0.00000000e+00, 3.63583479e-05, 0.00000000e+00,
         1.85427574e-03, 0.00000000e+00, 1.09075044e-04, 3.63583479e-05,
         4.36300175e-04, 1.68702734e-02, 0.00000000e+00, 1.81791739e-04,
         0.00000000e+00, 2.18150087e-03, 1.38161722e-03, 0.00000000e+00,
         3.63583479e-05, 0.00000000e+00, 1.09075044e-04, 1.02530541e-02,
         7.27166958e-05, 1.09075044e-04, 0.00000000e+00, 7.63525305e-04,
         1.45433392e-03, 0.00000000e+00, 0.00000000e+00, 0.00000000e+00,
         7.27166958e-05, 1.56340896e-03, 0.00000000e+00, 3.63583479e-05,
         0.00000000e+00, 3.63583479e-04, 1.70520652e-02, 0.00000000e+00,
         1.45433392e-04, 7.27166958e-05, 2.36329261e-03, 1.96335079e-03,
         0.00000000e+00, 3.63583479e-05, 0.00000000e+00, 1.45433392e-04,
         1.12347295e-02, 0.00000000e+00, 3.63583479e-05, 7.27166958e-05,
         1.01803374e-03, 1.78155905e-03, 0.00000000e+00, 0.00000000e+00,
         0.00000000e+00, 7.27166958e-05, 8.36242001e-04, 0.00000000e+00,
         0.00000000e+00, 3.63583479e-05, 4.72658522e-04, 7.74432810e-03,
         3.63583479e-05, 1.45433392e-04, 1.45433392e-04, 1.41797557e-03,
         7.63525305e-04, 0.00000000e+00, 0.00000000e+00, 0.00000000e+00,
         1.09075044e-04, 5.67190227e-03, 7.27166958e-05, 0.00000000e+00,
         0.00000000e+00, 6.18091914e-04, 6.90808610e-04, 0.00000000e+00,
         0.00000000e+00, 0.00000000e+00, 7.27166958e-05, 7.99883653e-04,
         0.00000000e+00, 0.00000000e+00, 3.63583479e-05, 2.54508435e-04,
         7.08987784e-03, 7.27166958e-05, 1.09075044e-04, 3.63583479e-05,
         1.16346713e-03, 6.90808610e-04, 0.00000000e+00, 0.00000000e+00,
         0.00000000e+00, 3.63583479e-05, 4.07213496e-03, 7.27166958e-05,
         0.00000000e+00, 0.00000000e+00, 1.81791739e-04, 8.36242001e-04,
         0.00000000e+00, 0.00000000e+00, 0.00000000e+00, 3.63583479e-05,
         2.18150087e-04, 0.00000000e+00, 0.00000000e+00, 0.00000000e+00,
         1.81791739e-04, 2.50872600e-03, 0.00000000e+00, 0.00000000e+00,
         0.00000000e+00, 1.12710878e-03, 3.27225131e-04, 0.00000000e+00,
         0.00000000e+00, 0.00000000e+00, 1.09075044e-04, 1.56340896e-03,
         0.00000000e+00, 0.00000000e+00, 0.00000000e+00, 3.27225131e-04,
         3.27225131e-04, 0.00000000e+00, 0.00000000e+00, 0.00000000e+00,
         0.00000000e+00, 1.30890052e-03, 3.63583479e-05, 0.00000000e+00,
         7.27166958e-05, 7.27166958e-05, 8.03519488e-03, 1.45433392e-04,
         1.45433392e-04, 0.00000000e+00, 2.90866783e-04, 5.45375218e-04,
         0.00000000e+00, 0.00000000e+00, 0.00000000e+00, 0.00000000e+00,
         3.52675974e-03, 0.00000000e+00, 1.09075044e-04, 0.00000000e+00,
         1.09075044e-04, 7.63525305e-04, 0.00000000e+00, 0.00000000e+00,
         0.00000000e+00, 0.00000000e+00, 2.03606748e-03, 3.63583479e-05,
         7.27166958e-05, 0.00000000e+00, 3.99941827e-04, 1.15983130e-02,
         2.18150087e-04, 1.09075044e-04, 0.00000000e+00, 1.16346713e-03,
         8.36242001e-04, 3.63583479e-05, 0.00000000e+00, 0.00000000e+00,
         7.27166958e-05, 7.12623618e-03, 3.63583479e-05, 0.00000000e+00,
         0.00000000e+00, 3.63583479e-04, 9.81675393e-04, 0.00000000e+00,
         0.00000000e+00, 0.00000000e+00, 7.27166958e-05, 2.43600931e-03,
         0.00000000e+00, 0.00000000e+00, 0.00000000e+00, 6.54450262e-04,
         1.36707388e-02, 0.00000000e+00, 7.27166958e-05, 0.00000000e+00,
         1.81791739e-03, 1.05439209e-03, 0.00000000e+00, 0.00000000e+00,
         0.00000000e+00, 3.63583479e-05, 6.87172775e-03, 1.09075044e-04,
         3.63583479e-05, 3.63583479e-05, 2.54508435e-04, 1.09075044e-03,
         0.00000000e+00, 0.00000000e+00, 3.63583479e-05, 3.63583479e-05,
         1.89063409e-03, 0.00000000e+00, 0.00000000e+00, 0.00000000e+00,
         3.63583479e-05, 1.17437464e-02, 0.00000000e+00, 0.00000000e+00,
         0.00000000e+00, 1.30890052e-03, 7.63525305e-04, 0.00000000e+00,
         0.00000000e+00, 0.00000000e+00, 1.09075044e-04, 5.70826062e-03,
         0.00000000e+00, 1.09075044e-04, 0.00000000e+00, 4.72658522e-04,
         1.05439209e-03, 0.00000000e+00, 0.00000000e+00, 3.63583479e-05,
         0.00000000e+00, 1.34525887e-03, 0.00000000e+00, 1.09075044e-04,
         0.00000000e+00, 4.36300175e-04, 5.92641070e-03, 3.63583479e-05,
         7.27166958e-05, 0.00000000e+00, 4.36300175e-04, 3.99941827e-04,
         0.00000000e+00, 0.00000000e+00, 0.00000000e+00, 1.09075044e-04,
         2.94502618e-03, 0.00000000e+00, 0.00000000e+00, 0.00000000e+00,
         4.36300175e-04, 4.72658522e-04, 0.00000000e+00, 0.00000000e+00,
         0.00000000e+00, 0.00000000e+00, 6.54450262e-04, 0.00000000e+00,
         0.00000000e+00, 0.00000000e+00, 1.81791739e-04, 4.29028505e-03,
         0.00000000e+00, 0.00000000e+00, 0.00000000e+00, 5.09016870e-04,
         3.99941827e-04, 3.63583479e-05, 0.00000000e+00, 0.00000000e+00,
         0.00000000e+00, 2.18150087e-03, 7.27166958e-05, 0.00000000e+00,
         0.00000000e+00, 0.00000000e+00, 5.09016870e-04, 0.00000000e+00,
         0.00000000e+00, 0.00000000e+00, 0.00000000e+00, 2.18150087e-04,
         0.00000000e+00, 0.00000000e+00, 0.00000000e+00, 1.09075044e-04,
         1.12710878e-03, 0.00000000e+00, 0.00000000e+00, 0.00000000e+00,
         5.81733566e-04, 1.45433392e-04, 0.00000000e+00, 0.00000000e+00,
         0.00000000e+00, 3.63583479e-05, 9.08958697e-04, 0.00000000e+00,
         0.00000000e+00, 0.00000000e+00, 2.18150087e-04, 2.18150087e-04,
         0.00000000e+00, 0.00000000e+00, 0.00000000e+00, 0.00000000e+00,
         2.83595113e-03, 7.27166958e-05, 7.27166958e-05, 0.00000000e+00,
         2.54508435e-04, 7.34438627e-03, 1.45433392e-04, 3.27225131e-04,
         0.00000000e+00, 4.36300175e-04, 6.18091914e-04, 0.00000000e+00,
         3.63583479e-05, 0.00000000e+00, 3.63583479e-05, 2.83595113e-03,
         7.27166958e-05, 0.00000000e+00, 0.00000000e+00, 2.54508435e-04,
         7.27166958e-04, 0.00000000e+00, 0.00000000e+00, 0.00000000e+00,
         3.63583479e-05, 4.36300175e-03, 1.09075044e-04, 1.09075044e-04,
         0.00000000e+00, 6.54450262e-04, 1.35253054e-02, 4.36300175e-04,
         7.27166958e-05, 0.00000000e+00, 6.18091914e-04, 7.27166958e-04,
         7.27166958e-05, 0.00000000e+00, 0.00000000e+00, 1.09075044e-04,
         4.98109366e-03, 1.45433392e-04, 0.00000000e+00, 0.00000000e+00,
         2.54508435e-04, 1.16346713e-03, 0.00000000e+00, 0.00000000e+00,
         0.00000000e+00, 7.27166958e-05, 4.10849331e-03, 0.00000000e+00,
         0.00000000e+00, 3.63583479e-05, 1.01803374e-03, 1.55613729e-02,
         3.63583479e-05, 7.27166958e-05, 0.00000000e+00, 1.16346713e-03,
         5.81733566e-04, 3.63583479e-05, 0.00000000e+00, 0.00000000e+00,
         3.63583479e-05, 6.10820244e-03, 0.00000000e+00, 3.63583479e-05,
         0.00000000e+00, 1.45433392e-04, 1.41797557e-03, 0.00000000e+00,
         0.00000000e+00, 0.00000000e+00, 3.63583479e-05, 4.03577661e-03,
         0.00000000e+00, 0.00000000e+00, 0.00000000e+00, 7.27166958e-04,
         1.36343805e-02, 3.63583479e-05, 7.27166958e-05, 0.00000000e+00,
         1.30890052e-03, 6.90808610e-04, 0.00000000e+00, 0.00000000e+00,
         0.00000000e+00, 1.09075044e-04, 5.34467714e-03, 0.00000000e+00,
         0.00000000e+00, 0.00000000e+00, 2.18150087e-04, 1.27254218e-03,
         0.00000000e+00, 0.00000000e+00, 0.00000000e+00, 0.00000000e+00,
         2.39965096e-03, 0.00000000e+00, 0.00000000e+00, 7.27166958e-05,
         6.54450262e-04, 6.14456079e-03, 0.00000000e+00, 0.00000000e+00,
         3.63583479e-05, 3.99941827e-04, 5.09016870e-04, 0.00000000e+00,
         0.00000000e+00, 0.00000000e+00, 0.00000000e+00, 3.05410122e-03,
         3.63583479e-05, 0.00000000e+00, 0.00000000e+00, 1.81791739e-04,
         5.45375218e-04, 0.00000000e+00, 0.00000000e+00, 0.00000000e+00,
         0.00000000e+00, 9.45317045e-04, 0.00000000e+00, 0.00000000e+00,
         0.00000000e+00, 1.45433392e-04, 3.81762653e-03, 0.00000000e+00,
         7.27166958e-05, 0.00000000e+00, 3.99941827e-04, 2.54508435e-04,
         0.00000000e+00, 0.00000000e+00, 0.00000000e+00, 0.00000000e+00,
         2.83595113e-03, 0.00000000e+00, 0.00000000e+00, 0.00000000e+00,
         1.45433392e-04, 4.72658522e-04, 0.00000000e+00, 0.00000000e+00,
         0.00000000e+00, 3.63583479e-05, 5.81733566e-04, 0.00000000e+00,
         0.00000000e+00, 0.00000000e+00, 4.72658522e-04, 1.63612565e-03,
         0.00000000e+00, 0.00000000e+00, 0.00000000e+00, 2.18150087e-04,
         1.09075044e-04, 0.00000000e+00, 0.00000000e+00, 0.00000000e+00,
         3.63583479e-05, 7.27166958e-04, 0.00000000e+00, 0.00000000e+00,
         0.00000000e+00, 7.27166958e-05, 1.81791739e-04, 0.00000000e+00,
         0.00000000e+00, 0.00000000e+00, 0.00000000e+00]]), matrix([[0.03123182, 0.00094532, 0.00014543, ..., 0.        , 0.        ,
         0.        ]]), 
matrix([[2.98138453e-03, 0.00000000e+00, 0.00000000e+00, 0.00000000e+00,
         2.30148342e-02, 1.09075044e-03, 0.00000000e+00, 0.00000000e+00,
         2.14514252e-03, 1.81791739e-04, 0.00000000e+00, 0.00000000e+00,
         1.31253636e-02, 1.45433392e-03, 3.63583479e-05, 0.00000000e+00,
         1.23618383e-03, 2.18150087e-04, 0.00000000e+00, 0.00000000e+00,
         1.03984875e-02, 2.54508435e-04, 1.63248982e-02, 3.63583479e-04,
         4.11940081e-02, 1.01803374e-03, 5.32649796e-02, 1.23618383e-03,
         2.25421757e-03, 0.00000000e+00, 2.21785922e-03, 1.09075044e-04,
         1.13801629e-02, 3.27225131e-04, 1.10165794e-02, 1.81791739e-04,
         2.18150087e-04, 0.00000000e+00, 4.36300175e-04, 0.00000000e+00,
         0.00000000e+00, 0.00000000e+00, 3.75945317e-02, 1.41797557e-03,
         3.63583479e-05, 0.00000000e+00, 2.08805992e-01, 1.23254799e-02,
         0.00000000e+00, 0.00000000e+00, 1.88336242e-02, 9.08958697e-04,
         0.00000000e+00, 0.00000000e+00, 1.06020942e-01, 1.01803374e-02,
         0.00000000e+00, 0.00000000e+00, 1.62521815e-02, 2.65415939e-03,
         8.72600349e-03, 2.54508435e-04, 1.23618383e-02, 5.09016870e-04,
         6.26090750e-02, 1.74520070e-03, 7.14805119e-02, 3.05410122e-03,
         5.34467714e-03, 2.18150087e-04, 5.78097731e-03, 1.45433392e-04,
         3.72673066e-02, 1.81791739e-03, 3.89397906e-02, 2.43600931e-03,
         2.69051774e-03, 3.27225131e-04, 3.30860966e-03, 2.18150087e-04,
         1.41797557e-03, 3.63583479e-05, 2.43600931e-03, 1.81791739e-04,
         7.08987784e-03, 1.81791739e-04, 8.25334497e-03, 7.27166958e-05,
         3.27225131e-04, 3.63583479e-05, 2.90866783e-04, 0.00000000e+00,
         1.19982548e-03, 7.27166958e-05, 1.59976731e-03, 3.63583479e-05,
         3.63583479e-05, 3.63583479e-05, 1.09075044e-04, 0.00000000e+00,
         8.54421175e-03, 1.45433392e-04, 3.52675974e-03, 1.09075044e-04,
         5.11198371e-02, 7.99883653e-04, 1.37798138e-02, 2.54508435e-04,
         5.01745201e-03, 3.63583479e-05, 9.45317045e-04, 3.63583479e-05,
         1.39616056e-02, 3.63583479e-04, 4.47207679e-03, 1.09075044e-04,
         7.27166958e-04, 7.27166958e-05, 6.18091914e-04, 0.00000000e+00]]), 
matrix([[2.29057592e-03, 9.45317045e-04, 1.47614892e-02, 2.18150087e-04,
         1.49069226e-03, 3.63583479e-05, 0.00000000e+00, 2.32693426e-03,
         7.99883653e-04, 6.61721931e-03, 5.09016870e-04, 7.27166958e-04,
         1.09075044e-04, 0.00000000e+00, 1.78155905e-03, 1.01803374e-03,
         1.85427574e-03, 4.72658522e-04, 2.90866783e-04, 7.27166958e-05,
         0.00000000e+00, 2.46146015e-02, 7.63525305e-03, 1.27254218e-02,
         2.43600931e-03, 1.92699244e-03, 4.72658522e-04, 0.00000000e+00,
         6.39906923e-03, 1.38161722e-03, 2.69051774e-03, 2.54508435e-04,
         2.90866783e-04, 1.45433392e-04, 0.00000000e+00, 3.38132635e-03,
         9.45317045e-04, 1.09075044e-03, 7.27166958e-05, 1.45433392e-04,
         7.27166958e-05, 0.00000000e+00, 7.27166958e-04, 1.81791739e-04,
         1.81791739e-04, 1.09075044e-04, 7.27166958e-05, 3.63583479e-05,
         0.00000000e+00, 7.27166958e-05, 0.00000000e+00, 3.27225131e-04,
         0.00000000e+00, 3.63583479e-05, 3.63583479e-05, 0.00000000e+00,
         3.63583479e-05, 7.27166958e-05, 1.45433392e-04, 0.00000000e+00,
         0.00000000e+00, 0.00000000e+00, 0.00000000e+00, 0.00000000e+00,
         0.00000000e+00, 3.63583479e-05, 0.00000000e+00, 3.63583479e-05,
         0.00000000e+00, 0.00000000e+00, 9.81675393e-04, 1.81791739e-04,
         4.72658522e-04, 7.27166958e-05, 1.09075044e-04, 0.00000000e+00,
         0.00000000e+00, 1.81791739e-04, 7.27166958e-05, 7.27166958e-05,
         0.00000000e+00, 3.63583479e-05, 0.00000000e+00, 0.00000000e+00,
         1.45433392e-04, 3.63583479e-05, 0.00000000e+00, 0.00000000e+00,
         0.00000000e+00, 0.00000000e+00, 0.00000000e+00, 3.63583479e-05,
         3.63583479e-05, 3.63583479e-05, 0.00000000e+00, 0.00000000e+00,
         0.00000000e+00, 0.00000000e+00, 9.27137871e-03, 3.78126818e-03,
         2.57053519e-02, 1.12710878e-03, 3.19953461e-03, 5.81733566e-04,
         3.63583479e-05, 9.08958697e-03, 6.61721931e-03, 2.49054683e-02,
         1.96335079e-03, 2.47236766e-03, 3.63583479e-04, 7.27166958e-05,
         7.48981966e-03, 5.12652705e-03, 1.24345550e-02, 1.67248400e-03,
         1.41797557e-03, 2.54508435e-04, 0.00000000e+00, 1.25181792e-01,
         4.99563700e-02, 8.73691099e-02, 1.08347877e-02, 7.48981966e-03,
         2.50872600e-03, 2.90866783e-04, 5.08289703e-02, 1.38161722e-02,
         1.96698662e-02, 2.07242583e-03, 1.09075044e-03, 5.81733566e-04,
         0.00000000e+00, 2.82867946e-02, 6.18091914e-03, 8.10791158e-03,
         9.45317045e-04, 6.18091914e-04, 3.63583479e-04, 7.27166958e-05,
         4.29028505e-03, 9.45317045e-04, 1.23618383e-03, 1.81791739e-04,
         7.27166958e-05, 0.00000000e+00, 7.27166958e-05, 5.81733566e-04,
         0.00000000e+00, 6.90808610e-04, 3.63583479e-05, 1.45433392e-04,
         0.00000000e+00, 0.00000000e+00, 2.54508435e-04, 7.27166958e-05,
         5.81733566e-04, 3.63583479e-05, 1.09075044e-04, 0.00000000e+00,
         0.00000000e+00, 3.63583479e-04, 1.09075044e-04, 2.18150087e-04,
         0.00000000e+00, 3.63583479e-05, 0.00000000e+00, 0.00000000e+00,
         6.94444444e-03, 1.45433392e-03, 2.21785922e-03, 3.99941827e-04,
         1.81791739e-04, 7.27166958e-05, 0.00000000e+00, 3.27225131e-03,
         5.09016870e-04, 5.45375218e-04, 7.27166958e-05, 3.63583479e-05,
         0.00000000e+00, 0.00000000e+00, 1.89063409e-03, 2.54508435e-04,
         2.90866783e-04, 7.27166958e-05, 7.27166958e-05, 0.00000000e+00,
         0.00000000e+00, 1.81791739e-04, 3.63583479e-05, 3.63583479e-05,
         0.00000000e+00, 0.00000000e+00, 0.00000000e+00, 0.00000000e+00,
         7.63525305e-04, 2.18150087e-04, 4.72658522e-04, 7.27166958e-05,
         1.09075044e-04, 0.00000000e+00, 0.00000000e+00, 8.36242001e-04,
         4.72658522e-04, 8.36242001e-04, 1.81791739e-04, 1.09075044e-04,
         3.63583479e-05, 0.00000000e+00, 5.81733566e-04, 4.72658522e-04,
         8.72600349e-04, 1.45433392e-04, 7.27166958e-05, 0.00000000e+00,
         0.00000000e+00, 1.19255381e-02, 4.94473531e-03, 6.83536940e-03,
         6.54450262e-04, 6.18091914e-04, 1.81791739e-04, 0.00000000e+00,
         4.07213496e-03, 1.30890052e-03, 1.23618383e-03, 2.18150087e-04,
         7.27166958e-05, 3.63583479e-05, 3.63583479e-05, 2.54508435e-03,
         4.72658522e-04, 1.05439209e-03, 7.27166958e-05, 3.63583479e-05,
         0.00000000e+00, 0.00000000e+00, 4.36300175e-04, 3.63583479e-05,
         1.09075044e-04, 0.00000000e+00, 0.00000000e+00, 0.00000000e+00,
         0.00000000e+00, 3.63583479e-05, 0.00000000e+00, 0.00000000e+00,
         0.00000000e+00, 0.00000000e+00, 0.00000000e+00, 0.00000000e+00,
         3.63583479e-05, 0.00000000e+00, 3.63583479e-05, 0.00000000e+00,
         0.00000000e+00, 0.00000000e+00, 0.00000000e+00, 7.27166958e-05,
         0.00000000e+00, 0.00000000e+00, 0.00000000e+00, 0.00000000e+00,
         0.00000000e+00, 0.00000000e+00, 5.09016870e-04, 7.27166958e-05,
         1.81791739e-04, 3.63583479e-05, 0.00000000e+00, 7.27166958e-05,
         0.00000000e+00, 4.36300175e-04, 0.00000000e+00, 0.00000000e+00,
         0.00000000e+00, 0.00000000e+00, 0.00000000e+00, 0.00000000e+00,
         3.63583479e-05, 0.00000000e+00, 1.45433392e-04, 0.00000000e+00,
         0.00000000e+00, 0.00000000e+00, 0.00000000e+00, 0.00000000e+00,
         0.00000000e+00, 0.00000000e+00, 0.00000000e+00, 0.00000000e+00,
         0.00000000e+00, 0.00000000e+00, 4.29028505e-03, 9.45317045e-04,
         6.54450262e-03, 1.09075044e-04, 6.18091914e-04, 3.63583479e-05,
         0.00000000e+00, 3.99941827e-03, 1.85427574e-03, 5.30831879e-03,
         3.99941827e-04, 3.63583479e-04, 1.81791739e-04, 0.00000000e+00,
         3.81762653e-03, 1.74520070e-03, 4.72658522e-03, 3.63583479e-04,
         3.63583479e-04, 1.45433392e-04, 0.00000000e+00, 5.05017452e-02,
         1.44342641e-02, 3.87579988e-02, 2.14514252e-03, 1.70884235e-03,
         1.16346713e-03, 1.09075044e-04, 3.68310064e-02, 7.41710297e-03,
         1.52341478e-02, 9.81675393e-04, 5.45375218e-04, 3.63583479e-04,
         7.27166958e-05, 1.90881326e-02, 3.49040140e-03, 6.61721931e-03,
         4.72658522e-04, 2.90866783e-04, 1.81791739e-04, 0.00000000e+00,
         1.59976731e-03, 3.99941827e-04, 6.90808610e-04, 0.00000000e+00,
         3.63583479e-05, 7.27166958e-05, 0.00000000e+00, 3.27225131e-04,
         3.63583479e-05, 2.54508435e-04, 0.00000000e+00, 3.63583479e-05,
         0.00000000e+00, 0.00000000e+00, 2.54508435e-04, 3.63583479e-05,
         7.27166958e-05, 0.00000000e+00, 3.63583479e-05, 0.00000000e+00,
         0.00000000e+00, 3.99941827e-04, 0.00000000e+00, 2.18150087e-04,
         0.00000000e+00, 3.63583479e-05, 0.00000000e+00, 0.00000000e+00,
         4.54479348e-03, 9.81675393e-04, 1.63612565e-03, 7.27166958e-05,
         7.27166958e-05, 0.00000000e+00, 0.00000000e+00, 3.63583479e-03,
         3.27225131e-04, 6.90808610e-04, 3.63583479e-05, 0.00000000e+00,
         0.00000000e+00, 0.00000000e+00, 2.36329261e-03, 3.63583479e-04,
         3.27225131e-04, 3.63583479e-05, 0.00000000e+00, 7.27166958e-05,
         0.00000000e+00, 1.09075044e-04, 0.00000000e+00, 0.00000000e+00,
         0.00000000e+00, 0.00000000e+00, 0.00000000e+00, 0.00000000e+00,
         5.81733566e-04, 7.27166958e-05, 2.18150087e-04, 0.00000000e+00,
         1.09075044e-04, 0.00000000e+00, 0.00000000e+00, 9.08958697e-04,
         7.27166958e-05, 2.54508435e-04, 3.63583479e-05, 0.00000000e+00,
         3.63583479e-05, 0.00000000e+00, 1.12710878e-03, 1.81791739e-04,
         7.27166958e-05, 7.27166958e-05, 3.63583479e-05, 0.00000000e+00,
         0.00000000e+00, 4.18121001e-03, 6.18091914e-04, 1.34525887e-03,
         2.54508435e-04, 1.09075044e-04, 1.09075044e-04, 0.00000000e+00,
         5.12652705e-03, 9.08958697e-04, 1.27254218e-03, 7.27166958e-05,
         0.00000000e+00, 3.63583479e-05, 0.00000000e+00, 4.90837696e-03,
         7.27166958e-04, 1.05439209e-03, 0.00000000e+00, 3.63583479e-05,
         3.63583479e-05, 0.00000000e+00, 6.54450262e-04, 1.09075044e-04,
         2.54508435e-04, 0.00000000e+00, 3.63583479e-05, 0.00000000e+00,
         0.00000000e+00, 3.63583479e-05, 0.00000000e+00, 3.63583479e-05,
         0.00000000e+00, 0.00000000e+00, 0.00000000e+00, 0.00000000e+00,
         1.81791739e-04, 0.00000000e+00, 0.00000000e+00, 0.00000000e+00,
         0.00000000e+00, 0.00000000e+00, 0.00000000e+00, 0.00000000e+00,
         7.27166958e-05, 0.00000000e+00, 0.00000000e+00, 0.00000000e+00,
         0.00000000e+00, 0.00000000e+00, 5.81733566e-04, 1.45433392e-04,
         0.00000000e+00, 0.00000000e+00, 0.00000000e+00, 0.00000000e+00,
         0.00000000e+00, 1.16346713e-03, 0.00000000e+00, 1.81791739e-04,
         0.00000000e+00, 0.00000000e+00, 0.00000000e+00, 0.00000000e+00,
         6.90808610e-04, 7.27166958e-05, 1.09075044e-04, 0.00000000e+00,
         0.00000000e+00, 0.00000000e+00, 0.00000000e+00, 2.18150087e-04,
         0.00000000e+00, 3.63583479e-05, 0.00000000e+00, 0.00000000e+00,
         0.00000000e+00, 0.00000000e+00]]), 
matrix([[3.41768470e-03, 2.61780105e-03, 1.41797557e-03, 6.03548575e-03,
         1.19982548e-03, 4.72658522e-04, 3.63583479e-05, 2.79959279e-03,
         2.21785922e-03, 8.72600349e-04, 9.38045375e-03, 3.52675974e-03,
         2.32693426e-03, 1.81791739e-04, 4.79930192e-03, 3.16317627e-03,
         1.41797557e-03, 8.72600349e-03, 1.41797557e-03, 7.99883653e-04,
         3.63583479e-05, 3.16317627e-03, 2.83595113e-03, 1.19982548e-03,
         1.31253636e-02, 3.92670157e-03, 1.81791739e-03, 1.81791739e-04,
         4.61751018e-03, 3.63583479e-03, 2.07242583e-03, 9.30773706e-03,
         2.14514252e-03, 4.72658522e-04, 2.54508435e-04, 3.85398487e-03,
         2.94502618e-03, 1.34525887e-03, 1.49796393e-02, 4.32664340e-03,
         2.36329261e-03, 3.63583479e-04, 6.83536940e-03, 4.65386853e-03,
         2.14514252e-03, 1.28344968e-02, 2.07242583e-03, 7.27166958e-04,
         7.27166958e-05, 4.18121001e-03, 4.18121001e-03, 1.67248400e-03,
         1.96335079e-02, 7.38074462e-03, 3.30860966e-03, 5.09016870e-04,
         3.19953461e-03, 2.47236766e-03, 1.05439209e-03, 7.05351949e-03,
         1.12710878e-03, 2.90866783e-04, 7.27166958e-05, 3.05410122e-03,
         2.76323444e-03, 1.70884235e-03, 1.20709715e-02, 4.43571844e-03,
         1.38161722e-03, 3.99941827e-04, 2.10878418e-03, 1.49069226e-03,
         5.09016870e-04, 4.43571844e-03, 6.90808610e-04, 2.18150087e-04,
         7.27166958e-05, 2.32693426e-03, 1.34525887e-03, 1.12710878e-03,
         7.27166958e-03, 2.07242583e-03, 1.01803374e-03, 1.45433392e-04,
         7.27166958e-04, 8.72600349e-04, 4.72658522e-04, 2.58144270e-03,
         3.99941827e-04, 2.90866783e-04, 0.00000000e+00, 1.23618383e-03,
         1.49069226e-03, 5.81733566e-04, 6.14456079e-03, 1.59976731e-03,
         7.63525305e-04, 1.81791739e-04, 9.81675393e-04, 7.63525305e-04,
         7.99883653e-04, 6.36271088e-03, 1.34525887e-03, 6.90808610e-04,
         1.09075044e-04, 3.99941827e-04, 4.72658522e-04, 9.45317045e-04,
         1.24345550e-02, 6.54450262e-03, 4.43571844e-03, 8.72600349e-04,
         1.05439209e-03, 1.56340896e-03, 1.45433392e-03, 9.48952880e-03,
         2.07242583e-03, 1.27254218e-03, 3.63583479e-05, 7.63525305e-04,
         9.08958697e-04, 6.18091914e-04, 1.97062245e-02, 1.03984875e-02,
         6.21727749e-03, 7.27166958e-04, 1.41797557e-03, 2.03606748e-03,
         1.63612565e-03, 9.12594532e-03, 2.54508435e-03, 9.81675393e-04,
         1.09075044e-04, 5.81733566e-04, 1.12710878e-03, 1.09075044e-03,
         2.06878999e-02, 9.85311227e-03, 6.43542757e-03, 6.54450262e-04,
         9.08958697e-04, 2.10878418e-03, 1.99970913e-03, 1.06166376e-02,
         2.54508435e-03, 9.08958697e-04, 3.63583479e-05, 4.72658522e-04,
         1.05439209e-03, 1.41797557e-03, 2.40692263e-02, 1.40343223e-02,
         6.47178592e-03, 5.81733566e-04, 7.99883653e-04, 1.27254218e-03,
         8.36242001e-04, 6.18091914e-03, 1.41797557e-03, 7.27166958e-04,
         1.09075044e-04, 3.63583479e-04, 7.27166958e-04, 6.18091914e-04,
         1.21436882e-02, 7.63525305e-03, 3.16317627e-03, 6.18091914e-04,
         3.27225131e-04, 5.09016870e-04, 9.45317045e-04, 4.18121001e-03,
         1.01803374e-03, 3.27225131e-04, 1.45433392e-04, 2.54508435e-04,
         3.63583479e-04, 5.45375218e-04, 1.00712624e-02, 5.01745201e-03,
         2.83595113e-03, 2.18150087e-04, 2.54508435e-04, 4.36300175e-04,
         2.90866783e-04, 2.54508435e-03, 6.54450262e-04, 1.45433392e-04,
         7.27166958e-05, 2.54508435e-04, 4.36300175e-04, 3.63583479e-04,
         5.34467714e-03, 2.54508435e-03, 1.05439209e-03, 2.18150087e-04,
         2.54508435e-04, 6.18091914e-04, 2.90866783e-04, 2.83595113e-03,
         7.63525305e-04, 3.99941827e-04, 3.63583479e-05, 2.54508435e-04,
         3.99941827e-04, 3.27225131e-04, 7.67161140e-03, 4.07213496e-03,
         2.76323444e-03, 5.45375218e-04, 5.09016870e-04, 9.08958697e-04,
         7.99883653e-04, 5.81733566e-03, 1.27254218e-03, 6.90808610e-04,
         1.45433392e-04, 1.81791739e-04, 3.63583479e-04, 7.99883653e-04,
         1.11983711e-02, 5.63554392e-03, 3.45404305e-03, 4.36300175e-04,
         5.45375218e-04, 1.16346713e-03, 1.34525887e-03, 6.50814427e-03,
         1.81791739e-03, 5.81733566e-04, 0.00000000e+00, 3.99941827e-04,
         6.18091914e-04, 7.99883653e-04, 1.09802211e-02, 6.47178592e-03,
         4.29028505e-03, 3.99941827e-04, 5.09016870e-04, 7.99883653e-04,
         9.45317045e-04, 6.18091914e-03, 1.81791739e-03, 7.27166958e-04,
         0.00000000e+00, 4.36300175e-04, 8.72600349e-04, 9.81675393e-04,
         1.43615474e-02, 6.43542757e-03, 3.52675974e-03, 3.63583479e-04,
         7.27166958e-05, 1.81791739e-04, 2.18150087e-04, 3.12681792e-03,
         5.45375218e-04, 3.63583479e-04, 0.00000000e+00, 3.27225131e-04,
         5.81733566e-04, 5.09016870e-04, 7.05351949e-03, 3.41768470e-03,
         2.03606748e-03, 3.99941827e-04, 2.90866783e-04, 2.54508435e-04,
         2.54508435e-04, 2.50872600e-03, 6.54450262e-04, 7.27166958e-05,
         3.63583479e-05, 3.27225131e-04, 3.27225131e-04, 1.45433392e-04,
         6.32635253e-03, 2.58144270e-03, 1.52705061e-03, 1.81791739e-04,
         1.45433392e-04, 1.45433392e-04, 0.00000000e+00, 1.12710878e-03,
         1.81791739e-04, 7.27166958e-05, 0.00000000e+00, 1.45433392e-04,
         7.27166958e-05, 3.63583479e-05, 2.58144270e-03, 1.52705061e-03,
         6.18091914e-04, 3.63583479e-05, 3.27225131e-04, 3.27225131e-04,
         3.27225131e-04, 2.07242583e-03, 6.18091914e-04, 2.90866783e-04,
         0.00000000e+00, 7.27166958e-05, 1.81791739e-04, 2.54508435e-04,
         5.45375218e-03, 3.01774287e-03, 1.81791739e-03, 3.99941827e-04,
         6.90808610e-04, 7.27166958e-04, 6.54450262e-04, 3.92670157e-03,
         7.63525305e-04, 3.99941827e-04, 7.27166958e-05, 2.90866783e-04,
         6.90808610e-04, 5.45375218e-04, 8.90779523e-03, 4.87201862e-03,
         2.36329261e-03, 2.54508435e-04, 3.27225131e-04, 6.54450262e-04,
         5.45375218e-04, 4.87201862e-03, 7.27166958e-04, 3.99941827e-04,
         0.00000000e+00, 4.36300175e-04, 3.63583479e-04, 2.54508435e-04,
         1.10529378e-02, 5.16288540e-03, 2.98138453e-03, 4.36300175e-04,
         3.27225131e-04, 5.45375218e-04, 7.27166958e-04, 3.56311809e-03,
         1.23618383e-03, 5.45375218e-04, 7.27166958e-05, 7.27166958e-05,
         5.09016870e-04, 4.36300175e-04, 8.76236184e-03, 3.92670157e-03,
         2.21785922e-03, 2.90866783e-04, 2.54508435e-04, 2.90866783e-04,
         2.54508435e-04, 1.96335079e-03, 3.99941827e-04, 2.54508435e-04,
         0.00000000e+00, 1.09075044e-04, 3.63583479e-04, 1.09075044e-04,
         4.58115183e-03, 2.76323444e-03, 1.30890052e-03, 7.27166958e-05,
         2.18150087e-04, 2.18150087e-04, 1.81791739e-04, 1.63612565e-03,
         2.90866783e-04, 1.09075044e-04, 3.63583479e-05, 1.09075044e-04,
         2.18150087e-04, 2.54508435e-04, 3.05410122e-03, 1.38161722e-03,
         1.09075044e-03, 3.63583479e-05, 0.00000000e+00, 3.63583479e-05,
         7.27166958e-05, 3.63583479e-04, 1.81791739e-04, 3.63583479e-05,
         0.00000000e+00, 7.27166958e-05, 1.09075044e-04, 7.27166958e-05,
         1.70884235e-03, 4.36300175e-04, 3.99941827e-04, 7.27166958e-05,
         8.36242001e-04, 5.09016870e-04, 3.63583479e-04, 2.18150087e-03,
         4.72658522e-04, 3.63583479e-04, 3.63583479e-05, 1.05439209e-03,
         8.72600349e-04, 6.90808610e-04, 4.18121001e-03, 2.10878418e-03,
         2.07242583e-03, 3.63583479e-04, 1.63612565e-03, 8.72600349e-04,
         8.72600349e-04, 3.41768470e-03, 5.45375218e-04, 3.27225131e-04,
         1.45433392e-04, 2.69051774e-03, 1.12710878e-03, 7.63525305e-04,
         9.12594532e-03, 3.34496800e-03, 2.14514252e-03, 3.99941827e-04,
         2.10878418e-03, 1.59976731e-03, 6.90808610e-04, 4.43571844e-03,
         7.99883653e-04, 1.45433392e-04, 1.09075044e-04, 2.43600931e-03,
         1.34525887e-03, 8.36242001e-04, 9.48952880e-03, 4.07213496e-03,
         2.10878418e-03, 2.18150087e-04, 1.34525887e-03, 1.12710878e-03,
         8.72600349e-04, 3.99941827e-03, 4.72658522e-04, 1.45433392e-04,
         7.27166958e-05, 2.29057592e-03, 1.63612565e-03, 8.72600349e-04,
         8.98051193e-03, 3.52675974e-03, 1.78155905e-03, 3.27225131e-04,
         8.36242001e-04, 3.99941827e-04, 2.90866783e-04, 2.07242583e-03,
         2.90866783e-04, 1.45433392e-04, 3.63583479e-05, 1.30890052e-03,
         6.54450262e-04, 2.90866783e-04, 4.76294357e-03, 1.96335079e-03,
         9.45317045e-04, 3.63583479e-05, 6.18091914e-04, 3.99941827e-04,
         3.63583479e-05, 9.81675393e-04, 7.27166958e-05, 1.81791739e-04,
         0.00000000e+00, 5.81733566e-04, 5.81733566e-04, 2.18150087e-04,
         3.59947644e-03, 1.23618383e-03, 4.36300175e-04, 1.81791739e-04,
         3.27225131e-04, 7.27166958e-05, 1.09075044e-04, 5.45375218e-04,
         3.63583479e-05, 0.00000000e+00, 0.00000000e+00, 3.63583479e-04,
         2.18150087e-04, 7.27166958e-05, 1.52705061e-03, 4.72658522e-04,
         2.90866783e-04, 0.00000000e+00]]), 
matrix([[2.32693426e-03, 5.67190227e-03, 4.18121001e-03, 3.81762653e-03,
         6.18091914e-04, 3.63583479e-05, 7.88976149e-03, 5.05381035e-03,
         1.09075044e-04, 6.54450262e-04, 9.81675393e-04, 1.05439209e-03,
         7.27166958e-04, 1.38161722e-03, 2.90866783e-04, 3.63583479e-05,
         3.63583479e-04, 0.00000000e+00, 3.27225131e-04, 3.63583479e-05,
         5.45375218e-04, 2.76323444e-03, 3.63583479e-05, 0.00000000e+00,
         5.81733566e-04, 0.00000000e+00, 7.27166958e-05, 5.45375218e-04,
         0.00000000e+00, 0.00000000e+00, 0.00000000e+00, 0.00000000e+00,
         0.00000000e+00, 3.63583479e-05, 3.63583479e-05, 1.09075044e-04,
         0.00000000e+00, 0.00000000e+00, 7.27166958e-05, 0.00000000e+00,
         0.00000000e+00, 3.63583479e-05, 0.00000000e+00, 0.00000000e+00,
         0.00000000e+00, 0.00000000e+00, 0.00000000e+00, 3.63583479e-05,
         0.00000000e+00, 0.00000000e+00, 0.00000000e+00, 0.00000000e+00,
         0.00000000e+00, 0.00000000e+00, 0.00000000e+00, 0.00000000e+00,
         0.00000000e+00, 0.00000000e+00, 0.00000000e+00, 0.00000000e+00,
         0.00000000e+00, 0.00000000e+00, 0.00000000e+00, 0.00000000e+00,
         0.00000000e+00, 7.27166958e-05, 1.45433392e-04, 0.00000000e+00,
         0.00000000e+00, 0.00000000e+00, 3.63583479e-05, 7.27166958e-05,
         0.00000000e+00, 0.00000000e+00, 3.63583479e-05, 3.63583479e-05,
         0.00000000e+00, 0.00000000e+00, 0.00000000e+00, 0.00000000e+00,
         0.00000000e+00, 0.00000000e+00, 0.00000000e+00, 0.00000000e+00,
         0.00000000e+00, 3.63583479e-05, 0.00000000e+00, 0.00000000e+00,
         7.27166958e-05, 0.00000000e+00, 0.00000000e+00, 0.00000000e+00,
         0.00000000e+00, 0.00000000e+00, 0.00000000e+00, 0.00000000e+00,
         0.00000000e+00, 0.00000000e+00, 3.63583479e-05, 0.00000000e+00,
         0.00000000e+00, 0.00000000e+00, 7.27166958e-05, 0.00000000e+00,
         0.00000000e+00, 0.00000000e+00, 0.00000000e+00, 3.63583479e-05,
         0.00000000e+00, 0.00000000e+00, 0.00000000e+00, 0.00000000e+00,
         0.00000000e+00, 0.00000000e+00, 0.00000000e+00, 0.00000000e+00,
         0.00000000e+00, 0.00000000e+00, 0.00000000e+00, 0.00000000e+00,
         0.00000000e+00, 0.00000000e+00, 0.00000000e+00, 0.00000000e+00,
         0.00000000e+00, 0.00000000e+00, 0.00000000e+00, 0.00000000e+00,
         2.18150087e-04, 4.36300175e-04, 5.09016870e-04, 3.99941827e-04,
         7.27166958e-05, 7.27166958e-05, 1.41797557e-03, 2.54508435e-04,
         0.00000000e+00, 0.00000000e+00, 1.09075044e-04, 1.09075044e-04,
         1.45433392e-04, 7.27166958e-05, 1.45433392e-04, 0.00000000e+00,
         1.09075044e-04, 0.00000000e+00, 0.00000000e+00, 3.63583479e-05,
         0.00000000e+00, 1.45433392e-04, 0.00000000e+00, 0.00000000e+00,
         1.09075044e-04, 0.00000000e+00, 0.00000000e+00, 3.63583479e-05,
         0.00000000e+00, 0.00000000e+00, 0.00000000e+00, 0.00000000e+00,
         1.37434555e-02, 7.63525305e-04, 4.18848168e-02, 4.72658522e-04,
         1.12710878e-02, 3.63583479e-05, 3.96305992e-02, 3.27225131e-04,
         2.90866783e-04, 3.63583479e-05, 3.52675974e-03, 0.00000000e+00,
         3.85398487e-03, 1.09075044e-04, 1.38161722e-03, 3.63583479e-05,
         1.16346713e-03, 0.00000000e+00, 4.10849331e-03, 0.00000000e+00,
         1.70884235e-03, 1.45433392e-04, 1.09075044e-04, 0.00000000e+00,
         5.30831879e-03, 3.63583479e-05, 2.18150087e-04, 3.63583479e-05,
         1.81791739e-04, 0.00000000e+00, 1.81791739e-04, 0.00000000e+00,
         6.90808610e-04, 0.00000000e+00, 9.81675393e-04, 0.00000000e+00,
         3.63583479e-05, 0.00000000e+00, 7.27166958e-04, 0.00000000e+00,
         3.63583479e-05, 0.00000000e+00, 3.63583479e-05, 0.00000000e+00,
         1.45433392e-04, 0.00000000e+00, 0.00000000e+00, 0.00000000e+00,
         0.00000000e+00, 0.00000000e+00, 0.00000000e+00, 0.00000000e+00,
         0.00000000e+00, 0.00000000e+00, 0.00000000e+00, 0.00000000e+00,
         3.63583479e-05, 0.00000000e+00, 0.00000000e+00, 0.00000000e+00,
         0.00000000e+00, 0.00000000e+00, 0.00000000e+00, 0.00000000e+00,
         1.09075044e-04, 0.00000000e+00, 3.99941827e-04, 0.00000000e+00,
         1.09075044e-04, 0.00000000e+00, 5.81733566e-04, 0.00000000e+00,
         0.00000000e+00, 0.00000000e+00, 7.27166958e-05, 0.00000000e+00,
         3.63583479e-05, 0.00000000e+00, 7.27166958e-05, 0.00000000e+00,
         0.00000000e+00, 0.00000000e+00, 1.09075044e-04, 0.00000000e+00,
         0.00000000e+00, 0.00000000e+00, 0.00000000e+00, 0.00000000e+00,
         3.63583479e-05, 0.00000000e+00, 0.00000000e+00, 0.00000000e+00,
         0.00000000e+00, 0.00000000e+00, 0.00000000e+00, 0.00000000e+00,
         3.63583479e-05, 0.00000000e+00, 2.90866783e-04, 0.00000000e+00,
         3.63583479e-05, 0.00000000e+00, 1.09075044e-04, 0.00000000e+00,
         0.00000000e+00, 0.00000000e+00, 3.63583479e-05, 0.00000000e+00,
         0.00000000e+00, 0.00000000e+00, 3.63583479e-05, 0.00000000e+00,
         0.00000000e+00, 0.00000000e+00, 3.63583479e-05, 0.00000000e+00,
         0.00000000e+00, 0.00000000e+00, 0.00000000e+00, 0.00000000e+00,
         3.63583479e-05, 3.63583479e-05, 0.00000000e+00, 0.00000000e+00,
         0.00000000e+00, 0.00000000e+00, 0.00000000e+00, 0.00000000e+00,
         1.45433392e-03, 0.00000000e+00, 4.61751018e-03, 7.27166958e-05,
         1.05439209e-03, 0.00000000e+00, 6.61721931e-03, 0.00000000e+00,
         3.63583479e-05, 0.00000000e+00, 4.72658522e-04, 0.00000000e+00,
         4.36300175e-04, 0.00000000e+00, 4.36300175e-04, 0.00000000e+00,
         1.09075044e-04, 0.00000000e+00, 5.45375218e-04, 0.00000000e+00,
         1.09075044e-04, 0.00000000e+00, 0.00000000e+00, 0.00000000e+00,
         7.63525305e-04, 0.00000000e+00, 0.00000000e+00, 0.00000000e+00,
         0.00000000e+00, 0.00000000e+00, 3.63583479e-05, 0.00000000e+00,
         2.22513089e-02, 5.11198371e-02, 4.18848168e-02, 3.33769634e-02,
         7.92611984e-03, 1.27254218e-03, 8.62056428e-02, 4.22120419e-02,
         1.56340896e-03, 9.92582897e-03, 5.56282723e-03, 5.89005236e-03,
         1.04712042e-02, 8.14426992e-03, 4.54479348e-03, 3.99941827e-04,
         7.12623618e-03, 9.08958697e-04, 1.78155905e-03, 6.54450262e-04,
         5.30831879e-03, 2.06151832e-02, 4.72658522e-04, 3.63583479e-05,
         7.52617801e-03, 1.59976731e-03, 1.05439209e-03, 5.85369401e-03,
         1.01803374e-03, 1.09075044e-04, 7.27166958e-05, 0.00000000e+00,
         2.18150087e-04, 4.72658522e-04, 2.18150087e-04, 3.99941827e-04,
         0.00000000e+00, 0.00000000e+00, 3.99941827e-04, 3.27225131e-04,
         0.00000000e+00, 3.63583479e-05, 1.81791739e-04, 7.27166958e-05,
         7.27166958e-05, 1.45433392e-04, 0.00000000e+00, 0.00000000e+00,
         0.00000000e+00, 0.00000000e+00, 0.00000000e+00, 0.00000000e+00,
         0.00000000e+00, 2.54508435e-04, 0.00000000e+00, 0.00000000e+00,
         0.00000000e+00, 0.00000000e+00, 0.00000000e+00, 0.00000000e+00,
         7.27166958e-05, 0.00000000e+00, 0.00000000e+00, 0.00000000e+00,
         3.63583479e-05, 1.45433392e-04, 7.63525305e-04, 1.81791739e-04,
         7.27166958e-05, 0.00000000e+00, 1.27254218e-03, 1.81791739e-04,
         0.00000000e+00, 3.63583479e-05, 0.00000000e+00, 0.00000000e+00,
         1.09075044e-04, 0.00000000e+00, 3.63583479e-05, 0.00000000e+00,
         7.27166958e-05, 0.00000000e+00, 0.00000000e+00, 0.00000000e+00,
         3.63583479e-05, 3.63583479e-05, 0.00000000e+00, 0.00000000e+00,
         1.09075044e-04, 0.00000000e+00, 0.00000000e+00, 0.00000000e+00,
         3.63583479e-05, 0.00000000e+00, 0.00000000e+00, 0.00000000e+00,
         3.63583479e-05, 0.00000000e+00, 7.27166958e-05, 1.81791739e-04,
         3.63583479e-05, 0.00000000e+00, 4.72658522e-04, 3.63583479e-05,
         0.00000000e+00, 7.27166958e-05, 3.63583479e-05, 0.00000000e+00,
         3.63583479e-05, 0.00000000e+00, 0.00000000e+00, 0.00000000e+00,
         1.45433392e-04, 0.00000000e+00, 3.63583479e-05, 0.00000000e+00,
         3.63583479e-05, 0.00000000e+00, 0.00000000e+00, 0.00000000e+00,
         0.00000000e+00, 0.00000000e+00, 0.00000000e+00, 3.63583479e-05,
         0.00000000e+00, 0.00000000e+00, 0.00000000e+00, 0.00000000e+00,
         7.63525305e-04, 1.70884235e-03, 2.72687609e-03, 1.92699244e-03,
         4.36300175e-04, 1.09075044e-04, 5.89005236e-03, 2.43600931e-03,
         3.63583479e-05, 1.81791739e-04, 3.27225131e-04, 2.18150087e-04,
         3.99941827e-04, 3.63583479e-04, 5.09016870e-04, 1.09075044e-04,
         4.72658522e-04, 3.63583479e-05, 1.09075044e-04, 7.27166958e-05,
         1.81791739e-04, 6.90808610e-04, 3.63583479e-05, 0.00000000e+00,
         7.27166958e-04, 1.81791739e-04, 0.00000000e+00, 1.09075044e-04,
         1.45433392e-04, 0.00000000e+00, 0.00000000e+00, 0.00000000e+00,
         4.00305410e-02, 8.43513671e-03, 4.74112856e-02, 3.52675974e-03,
         4.32664340e-03, 2.18150087e-04, 6.76628854e-02, 3.41768470e-03,
         1.59976731e-03, 1.96335079e-03, 8.39877836e-03, 7.99883653e-04,
         9.12594532e-03, 9.81675393e-04, 2.03606748e-03, 7.27166958e-05,
         2.39965096e-03, 1.09075044e-04, 1.96335079e-03, 1.45433392e-04,
         1.08711460e-02, 4.58115183e-03, 2.18150087e-04, 0.00000000e+00,
         4.50843514e-03, 7.27166958e-05, 1.09075044e-03, 1.56340896e-03,
         5.45375218e-04, 0.00000000e+00, 2.18150087e-04, 0.00000000e+00,
         6.18091914e-04, 7.27166958e-05, 5.81733566e-04, 7.27166958e-05,
         3.63583479e-05, 0.00000000e+00, 3.99941827e-04, 3.63583479e-05,
         7.27166958e-05, 0.00000000e+00, 1.45433392e-04, 7.27166958e-05,
         1.45433392e-04, 0.00000000e+00, 0.00000000e+00, 0.00000000e+00,
         3.63583479e-05, 0.00000000e+00, 3.63583479e-05, 0.00000000e+00,
         1.09075044e-04, 3.63583479e-05, 0.00000000e+00, 0.00000000e+00,
         0.00000000e+00, 0.00000000e+00, 0.00000000e+00, 0.00000000e+00,
         7.27166958e-05, 0.00000000e+00, 0.00000000e+00, 0.00000000e+00,
         2.18150087e-04, 7.27166958e-05, 4.72658522e-04, 0.00000000e+00,
         0.00000000e+00, 3.63583479e-05, 8.36242001e-04, 1.09075044e-04,
         0.00000000e+00, 0.00000000e+00, 0.00000000e+00, 0.00000000e+00,
         1.81791739e-04, 0.00000000e+00, 0.00000000e+00, 0.00000000e+00,
         7.27166958e-05, 0.00000000e+00, 7.27166958e-05, 0.00000000e+00,
         3.63583479e-05, 3.63583479e-05, 7.27166958e-05, 0.00000000e+00,
         1.81791739e-04, 0.00000000e+00, 0.00000000e+00, 3.63583479e-05,
         0.00000000e+00, 0.00000000e+00, 0.00000000e+00, 0.00000000e+00,
         1.81791739e-04, 3.63583479e-05, 2.90866783e-04, 0.00000000e+00,
         0.00000000e+00, 0.00000000e+00, 3.27225131e-04, 0.00000000e+00,
         0.00000000e+00, 0.00000000e+00, 1.45433392e-04, 0.00000000e+00,
         1.09075044e-04, 0.00000000e+00, 3.63583479e-05, 0.00000000e+00,
         3.63583479e-05, 0.00000000e+00, 7.27166958e-05, 0.00000000e+00,
         3.63583479e-05, 0.00000000e+00, 0.00000000e+00, 0.00000000e+00,
         3.63583479e-05, 0.00000000e+00, 0.00000000e+00, 0.00000000e+00,
         0.00000000e+00, 0.00000000e+00, 0.00000000e+00, 0.00000000e+00,
         2.72687609e-03, 7.63525305e-04, 5.52646888e-03, 2.90866783e-04,
         1.27254218e-03, 7.27166958e-05, 7.78068645e-03, 1.45433392e-04,
         1.09075044e-04, 7.27166958e-05, 1.05439209e-03, 1.09075044e-04,
         8.72600349e-04, 7.27166958e-05, 5.81733566e-04, 0.00000000e+00,
         3.63583479e-04, 0.00000000e+00, 3.99941827e-04, 0.00000000e+00,
         6.54450262e-04, 2.18150087e-04, 2.18150087e-04, 0.00000000e+00,
         1.16346713e-03, 0.00000000e+00, 3.63583479e-05, 0.00000000e+00,
         1.45433392e-04, 0.00000000e+00, 0.00000000e+00, 0.00000000e+00,
         1.89063409e-03, 1.09075044e-04, 3.45404305e-03, 2.18150087e-04,
         1.27254218e-03, 3.63583479e-05, 7.85340314e-03, 1.45433392e-04,
         1.09075044e-04, 0.00000000e+00, 1.81791739e-04, 3.63583479e-05,
         4.36300175e-04, 7.27166958e-05, 2.90866783e-04, 0.00000000e+00,
         4.72658522e-04, 0.00000000e+00, 2.54508435e-04, 0.00000000e+00,
         1.45433392e-04, 7.27166958e-05, 3.63583479e-05, 0.00000000e+00,
         6.18091914e-04, 0.00000000e+00, 0.00000000e+00, 7.27166958e-05,
         7.27166958e-05, 0.00000000e+00, 0.00000000e+00, 0.00000000e+00,
         1.09075044e-04, 0.00000000e+00, 7.27166958e-05, 0.00000000e+00,
         3.63583479e-05, 0.00000000e+00, 1.45433392e-04, 7.27166958e-05,
         0.00000000e+00, 0.00000000e+00, 0.00000000e+00, 0.00000000e+00,
         7.27166958e-05, 0.00000000e+00, 0.00000000e+00, 0.00000000e+00,
         0.00000000e+00, 0.00000000e+00, 0.00000000e+00, 0.00000000e+00,
         0.00000000e+00, 0.00000000e+00, 0.00000000e+00, 0.00000000e+00,
         0.00000000e+00, 0.00000000e+00, 0.00000000e+00, 0.00000000e+00,
         0.00000000e+00, 0.00000000e+00, 0.00000000e+00, 0.00000000e+00,
         0.00000000e+00, 0.00000000e+00, 3.63583479e-05, 0.00000000e+00,
         3.63583479e-05, 0.00000000e+00, 2.54508435e-04, 3.63583479e-05,
         0.00000000e+00, 0.00000000e+00, 0.00000000e+00, 0.00000000e+00,
         0.00000000e+00, 0.00000000e+00, 0.00000000e+00, 0.00000000e+00,
         0.00000000e+00, 0.00000000e+00, 0.00000000e+00, 0.00000000e+00,
         0.00000000e+00, 0.00000000e+00, 0.00000000e+00, 0.00000000e+00,
         0.00000000e+00, 0.00000000e+00, 0.00000000e+00, 0.00000000e+00,
         0.00000000e+00, 0.00000000e+00, 0.00000000e+00, 0.00000000e+00,
         0.00000000e+00, 0.00000000e+00, 7.27166958e-05, 0.00000000e+00,
         0.00000000e+00, 0.00000000e+00, 1.09075044e-04, 0.00000000e+00,
         0.00000000e+00, 0.00000000e+00, 0.00000000e+00, 0.00000000e+00,
         0.00000000e+00, 0.00000000e+00, 0.00000000e+00, 0.00000000e+00,
         0.00000000e+00, 0.00000000e+00, 0.00000000e+00, 0.00000000e+00,
         0.00000000e+00, 3.63583479e-05, 0.00000000e+00, 0.00000000e+00,
         3.63583479e-05, 0.00000000e+00, 0.00000000e+00, 0.00000000e+00,
         0.00000000e+00, 0.00000000e+00, 0.00000000e+00, 0.00000000e+00,
         2.54508435e-04, 0.00000000e+00, 9.45317045e-04, 0.00000000e+00,
         2.54508435e-04, 0.00000000e+00, 2.14514252e-03, 3.63583479e-05,
         0.00000000e+00, 0.00000000e+00, 3.63583479e-05, 0.00000000e+00,
         7.27166958e-05, 0.00000000e+00, 1.09075044e-04, 0.00000000e+00,
         1.09075044e-04, 0.00000000e+00, 1.45433392e-04, 0.00000000e+00,
         3.63583479e-05, 0.00000000e+00, 3.63583479e-05, 0.00000000e+00,
         2.54508435e-04, 0.00000000e+00, 0.00000000e+00, 0.00000000e+00,
         0.00000000e+00, 0.00000000e+00, 0.00000000e+00, 0.00000000e+00,
         6.32635253e-03, 1.59976731e-03, 1.70157068e-02, 9.45317045e-04,
         2.65415939e-03, 7.27166958e-05, 2.89048866e-02, 9.81675393e-04,
         3.99941827e-04, 2.90866783e-04, 3.12681792e-03, 2.90866783e-04,
         4.07213496e-03, 2.90866783e-04, 7.99883653e-04, 1.09075044e-04,
         1.27254218e-03, 0.00000000e+00, 6.54450262e-04, 0.00000000e+00,
         2.90866783e-03, 9.08958697e-04, 7.27166958e-05, 0.00000000e+00,
         2.10878418e-03, 1.09075044e-04, 2.18150087e-04, 3.27225131e-04,
         3.63583479e-04, 0.00000000e+00, 0.00000000e+00, 0.00000000e+00,
         7.27166958e-05, 3.63583479e-05, 2.90866783e-04, 0.00000000e+00,
         0.00000000e+00, 0.00000000e+00, 3.27225131e-04, 3.63583479e-05,
         0.00000000e+00, 0.00000000e+00, 3.63583479e-05, 3.63583479e-05,
         7.27166958e-05, 3.63583479e-05, 0.00000000e+00, 0.00000000e+00,
         0.00000000e+00, 0.00000000e+00, 0.00000000e+00, 0.00000000e+00,
         3.63583479e-05, 0.00000000e+00, 0.00000000e+00, 0.00000000e+00,
         0.00000000e+00, 0.00000000e+00, 0.00000000e+00, 0.00000000e+00,
         0.00000000e+00, 0.00000000e+00, 0.00000000e+00, 0.00000000e+00,
         0.00000000e+00, 0.00000000e+00, 5.09016870e-04, 3.63583479e-05,
         7.27166958e-05, 3.63583479e-05, 7.63525305e-04, 0.00000000e+00,
         0.00000000e+00, 0.00000000e+00, 1.09075044e-04, 0.00000000e+00,
         1.81791739e-04, 0.00000000e+00, 0.00000000e+00, 0.00000000e+00,
         7.27166958e-05, 0.00000000e+00, 0.00000000e+00, 0.00000000e+00,
         0.00000000e+00, 0.00000000e+00, 0.00000000e+00, 0.00000000e+00,
         7.27166958e-05, 0.00000000e+00, 3.63583479e-05, 0.00000000e+00,
         0.00000000e+00, 0.00000000e+00, 0.00000000e+00, 0.00000000e+00,
         1.45433392e-04, 0.00000000e+00, 1.45433392e-04, 0.00000000e+00,
         7.27166958e-05, 0.00000000e+00, 1.09075044e-04, 0.00000000e+00,
         0.00000000e+00, 0.00000000e+00, 0.00000000e+00, 0.00000000e+00,
         0.00000000e+00, 0.00000000e+00, 0.00000000e+00, 0.00000000e+00,
         0.00000000e+00, 0.00000000e+00, 0.00000000e+00, 0.00000000e+00,
         0.00000000e+00, 0.00000000e+00, 0.00000000e+00, 0.00000000e+00,
         3.63583479e-05, 0.00000000e+00, 0.00000000e+00, 0.00000000e+00,
         0.00000000e+00, 0.00000000e+00, 0.00000000e+00, 0.00000000e+00,
         1.63612565e-03, 2.54508435e-04, 5.96276905e-03, 3.63583479e-05,
         1.09075044e-03, 0.00000000e+00, 9.78039558e-03, 1.09075044e-04,
         3.63583479e-05, 3.63583479e-05, 7.63525305e-04, 0.00000000e+00,
         1.30890052e-03, 7.27166958e-05, 6.18091914e-04, 0.00000000e+00,
         4.36300175e-04, 0.00000000e+00, 4.36300175e-04, 0.00000000e+00,
         3.27225131e-04, 2.90866783e-04, 7.27166958e-05, 0.00000000e+00,
         9.45317045e-04, 3.63583479e-05, 0.00000000e+00, 7.27166958e-05,
         7.27166958e-05, 0.00000000e+00, 3.63583479e-05, 0.00000000e+00]]), 
matrix([[9.67859220e-02, 3.63583479e-03, 1.63612565e-03, 0.00000000e+00,
         1.05439209e-03, 7.27166958e-05, 9.08958697e-04, 3.63583479e-05,
         1.31253636e-02, 2.90866783e-04, 1.40197789e-01, 1.15619546e-02,
         1.70884235e-03, 2.54508435e-04, 1.81791739e-03, 1.09075044e-04,
         1.12710878e-03, 0.00000000e+00, 1.43251891e-02, 6.18091914e-04,
         5.75916230e-02, 1.27254218e-02, 7.99883653e-04, 1.45433392e-04,
         1.09075044e-03, 7.27166958e-05, 3.63583479e-04, 7.27166958e-05,
         1.44706225e-02, 8.36242001e-04, 1.23800175e-01, 6.64630599e-02,
         1.12710878e-03, 7.63525305e-04, 1.67248400e-03, 3.99941827e-04,
         5.81733566e-04, 7.27166958e-05, 1.12710878e-02, 2.61780105e-03,
         3.11954625e-02, 7.30802792e-03, 5.45375218e-04, 3.63583479e-05,
         5.09016870e-04, 1.09075044e-04, 1.81791739e-04, 0.00000000e+00,
         7.41710297e-03, 1.23618383e-03, 5.55191972e-02, 5.28650378e-02,
         5.09016870e-04, 4.36300175e-04, 1.05439209e-03, 1.81791739e-04,
         2.54508435e-04, 1.81791739e-04, 5.59918557e-03, 3.19953461e-03,
         2.08696917e-02, 5.70826062e-03, 2.18150087e-04, 7.27166958e-05,
         2.18150087e-04, 1.09075044e-04, 7.27166958e-05, 0.00000000e+00,
         4.79930192e-03, 4.72658522e-04, 3.79581152e-02, 4.02486911e-02,
         2.18150087e-04, 2.54508435e-04, 3.99941827e-04, 1.09075044e-04,
         3.63583479e-05, 7.27166958e-05, 3.52675974e-03, 1.52705061e-03,
         2.80686446e-02, 4.07213496e-03, 2.18150087e-04, 7.27166958e-05,
         4.72658522e-04, 0.00000000e+00, 3.63583479e-05, 0.00000000e+00,
         4.87201862e-03, 1.45433392e-04, 5.07926120e-02, 3.31588133e-02,
         5.09016870e-04, 3.99941827e-04, 3.63583479e-04, 3.63583479e-05,
         7.27166958e-05, 3.63583479e-05, 3.70855148e-03, 1.52705061e-03]])]